DaysSinceMax W2countrate M2          W1                     U                 B              V

     -15.2200     0.996918     0.192926      5.00687      54.0018      124.234      54.4949

     -14.2400      2.12206     0.413451      10.7322      116.779      265.046      105.771

     -13.2400      3.83164     0.746787      19.5402      213.551      461.987      168.135

     -12.2300      7.95585      1.65133      40.6099      429.099      754.157      256.110

     -11.2400      14.2213      3.12620      72.3263      746.363      1106.38      355.373

     -10.2500      22.0644      5.03511      111.699      1117.87      1486.64      463.070

     -9.24000      38.6859      10.5083      184.002      1749.63      2022.36      618.483

     -8.25000      47.6179      13.8089      220.164      2016.56      2256.86      675.208

     -7.23000      68.0913      20.6262      308.568      2749.18      2843.60      855.767

     -6.25000      77.4098      24.6680      343.946      3050.93      3206.81      959.499

     -5.26000      93.9036      31.3672      408.961      3601.60      3824.83      1157.06

     -1.25000      107.408      40.7058      442.934      3941.18      4835.79      1485.48

    -0.270000      98.8891      38.5679      402.614      3628.09      4683.55      1484.56

     0.720000      99.2435      40.1591      392.199      3538.10      4732.08      1505.56

      1.72000      93.3447      38.9847      356.564      3218.13      4697.68      1528.85

      2.71000      88.2803      38.3286      323.705      2921.62      4522.12      1521.92

      3.72000      79.6721      35.2491      287.926      2611.48      4259.71      1435.59

      6.71000      53.1948      23.3255      202.439      1924.90      3600.25      1356.53

      8.71000      41.1568      18.6269      164.358      1576.07      3168.64      1272.92

      11.7000      29.6988      13.2816      120.131      1165.65      2547.25      1128.71

      13.7000      22.9630      10.1292      92.2179      894.136      2044.42      984.008

      16.6900      15.4866      6.71566      60.6721      570.807      1429.21      815.123

      18.6900      11.7019      4.98301      44.9295      414.168      1122.16      716.594

      21.6900      10.4782      4.76130      37.6632      318.602      870.703      646.745

      23.6800      6.72514      2.71701      24.5449      225.032      688.197      570.426
