     1000.00     1.8881839e-12
     1010.00     2.3410017e-12
     1020.00     2.9118275e-12
     1030.00     3.6280607e-12
     1040.00     4.5242953e-12
     1050.00     5.6414006e-12
     1060.00     7.0267175e-12
     1070.00     8.7338576e-12
     1080.00     1.0821998e-11
     1090.00     1.3354604e-11
     1100.00     1.6397574e-11
     1110.00     2.0016887e-11
     1120.00     2.4275893e-11
     1130.00     2.9232445e-11
     1140.00     3.4936075e-11
     1150.00     4.1425386e-11
     1160.00     4.8725795e-11
     1170.00     5.6847695e-11
     1180.00     6.5785100e-11
     1190.00     7.5514769e-11
     1200.00     8.5995870e-11
     1210.00     9.7170195e-11
     1220.00     1.0896295e-10
     1230.00     1.2128419e-10
     1240.00     1.3403075e-10
     1250.00     1.4708877e-10
     1260.00     1.6033660e-10
     1270.00     1.7364802e-10
     1280.00     1.8689556e-10
     1290.00     1.9995391e-10
     1300.00     2.1270307e-10
     1310.00     2.2503132e-10
     1320.00     2.3683778e-10
     1330.00     2.4803454e-10
     1340.00     2.5854832e-10
     1350.00     2.6832166e-10
     1360.00     2.7731353e-10
     1370.00     2.8549956e-10
     1380.00     2.9287179e-10
     1390.00     2.9943798e-10
     1400.00     3.0522060e-10
     1410.00     3.1025542e-10
     1420.00     3.1458991e-10
     1430.00     3.1828130e-10
     1440.00     3.2139460e-10
     1450.00     3.2400038e-10
     1460.00     3.2617267e-10
     1470.00     3.2798672e-10
     1480.00     3.2951713e-10
     1490.00     3.3083592e-10
     1500.00     3.3201108e-10
     1510.00     3.3310529e-10
     1520.00     3.3417511e-10
     1530.00     3.3527039e-10
     1540.00     3.3643417e-10
     1550.00     3.3770276e-10
     1560.00     3.3910614e-10
     1570.00     3.4066849e-10
     1580.00     3.4240892e-10
     1590.00     3.4434217e-10
     1600.00     3.4647933e-10
     1610.00     3.4882861e-10
     1620.00     3.5139586e-10
     1630.00     3.5418516e-10
     1640.00     3.5719923e-10
     1650.00     3.6043978e-10
     1660.00     3.6390776e-10
     1670.00     3.6760353e-10
     1680.00     3.7152705e-10
     1690.00     3.7567788e-10
     1700.00     3.8005532e-10
     1710.00     3.8465840e-10
     1720.00     3.8948588e-10
     1730.00     3.9453630e-10
     1740.00     3.9980793e-10
     1750.00     4.0529879e-10
     1760.00     4.1100663e-10
     1770.00     4.1692891e-10
     1780.00     4.2306276e-10
     1790.00     4.2940502e-10
     1800.00     4.3595212e-10
     1810.00     4.4270017e-10
     1820.00     4.4964481e-10
     1830.00     4.5678129e-10
     1840.00     4.6410435e-10
     1850.00     4.7160815e-10
     1860.00     4.7928623e-10
     1870.00     4.8713131e-10
     1880.00     4.9513505e-10
     1890.00     5.0328770e-10
     1900.00     5.1157760e-10
     1910.00     5.1999036e-10
     1920.00     5.2850792e-10
     1930.00     5.3710724e-10
     1940.00     5.4575879e-10
     1950.00     5.5442485e-10
     1960.00     5.6305792e-10
     1970.00     5.7159945e-10
     1980.00     5.7997931e-10
     1990.00     5.8811650e-10
     2000.00     5.9592150e-10
     2010.00     6.0330066e-10
     2020.00     6.1016270e-10
     2030.00     6.1642710e-10
     2040.00     6.2203380e-10
     2050.00     6.2695304e-10
     2060.00     6.3119402e-10
     2070.00     6.3481078e-10
     2080.00     6.3790386e-10
     2090.00     6.4061677e-10
     2100.00     6.4312688e-10
     2110.00     6.4563143e-10
     2120.00     6.4833005e-10
     2130.00     6.5140599e-10
     2140.00     6.5500890e-10
     2150.00     6.5924128e-10
     2160.00     6.6415085e-10
     2170.00     6.6972946e-10
     2180.00     6.7591841e-10
     2190.00     6.8261867e-10
     2200.00     6.8970385e-10
     2210.00     6.9703329e-10
     2220.00     7.0446334e-10
     2230.00     7.1185498e-10
     2240.00     7.1907766e-10
     2250.00     7.2600961e-10
     2260.00     7.3253614e-10
     2270.00     7.3854754e-10
     2280.00     7.4393849e-10
     2290.00     7.4861037e-10
     2300.00     7.5247710e-10
     2310.00     7.5547459e-10
     2320.00     7.5757276e-10
     2330.00     7.5878841e-10
     2340.00     7.5919672e-10
     2350.00     7.5893889e-10
     2360.00     7.5822356e-10
     2370.00     7.5732024e-10
     2380.00     7.5654383e-10
     2390.00     7.5623046e-10
     2400.00     7.5670646e-10
     2410.00     7.5825315e-10
     2420.00     7.6107173e-10
     2430.00     7.6525294e-10
     2440.00     7.7075621e-10
     2450.00     7.7740249e-10
     2460.00     7.8488318e-10
     2470.00     7.9278574e-10
     2480.00     8.0063374e-10
     2490.00     8.0793712e-10
     2500.00     8.1424629e-10
     2510.00     8.1920280e-10
     2520.00     8.2257954e-10
     2530.00     8.2430473e-10
     2540.00     8.2446626e-10
     2550.00     8.2329626e-10
     2560.00     8.2113875e-10
     2570.00     8.1840588e-10
     2580.00     8.1553012e-10
     2590.00     8.1291954e-10
     2600.00     8.1092212e-10
     2610.00     8.0980259e-10
     2620.00     8.0973265e-10
     2630.00     8.1079313e-10
     2640.00     8.1298505e-10
     2650.00     8.1628317e-10
     2660.00     8.2256256e-10
     2670.00     8.5155237e-10
     2680.00     9.3626230e-10
     2690.00     1.0856236e-09
     2700.00     1.2841241e-09
     2710.00     1.4433053e-09
     2720.00     1.5433537e-09
     2730.00     1.5848458e-09
     2740.00     1.6250434e-09
     2750.00     1.7134494e-09
     2760.00     1.7846762e-09
     2770.00     1.9201653e-09
     2780.00     2.2339481e-09
     2790.00     2.5789929e-09
     2800.00     2.8141479e-09
     2810.00     2.9845723e-09
     2820.00     3.1659903e-09
     2830.00     3.3240081e-09
     2840.00     3.4107992e-09
     2850.00     3.4865486e-09
     2860.00     3.6836490e-09
     2870.00     4.0224118e-09
     2880.00     4.3028454e-09
     2890.00     4.3720835e-09
     2900.00     4.4119514e-09
     2910.00     4.5656416e-09
     2920.00     4.7256482e-09
     2930.00     4.8439816e-09
     2940.00     4.9742722e-09
     2950.00     5.0869372e-09
     2960.00     5.0425836e-09
     2970.00     4.7952873e-09
     2980.00     4.5050116e-09
     2990.00     4.3708021e-09
     3000.00     4.4795229e-09
     3010.00     4.8086397e-09
     3020.00     5.2133623e-09
     3030.00     5.5056166e-09
     3040.00     5.6268636e-09
     3050.00     5.7158714e-09
     3060.00     5.8263676e-09
     3070.00     5.9552216e-09
     3080.00     6.1882184e-09
     3090.00     6.4106402e-09
     3100.00     6.4625036e-09
     3110.00     6.3715716e-09
     3120.00     6.2519670e-09
     3130.00     6.1399634e-09
     3140.00     5.9822354e-09
     3150.00     5.7787545e-09
     3160.00     5.5667851e-09
     3170.00     5.3753270e-09
     3180.00     5.2022900e-09
     3190.00     4.9597973e-09
     3200.00     4.5947390e-09
     3210.00     4.2759176e-09
     3220.00     4.1784729e-09
     3230.00     4.2085004e-09
     3240.00     4.2063301e-09
     3250.00     4.1422365e-09
     3260.00     4.0845312e-09
     3270.00     4.0854175e-09
     3280.00     4.1282135e-09
     3290.00     4.1871901e-09
     3300.00     4.2890855e-09
     3310.00     4.4711928e-09
     3320.00     4.7110330e-09
     3330.00     4.9407993e-09
     3340.00     5.1300139e-09
     3350.00     5.3079376e-09
     3360.00     5.4751154e-09
     3370.00     5.5896229e-09
     3380.00     5.6650507e-09
     3390.00     5.7737063e-09
     3400.00     5.9575467e-09
     3410.00     6.1961977e-09
     3420.00     6.4399483e-09
     3430.00     6.6540626e-09
     3440.00     6.8338006e-09
     3450.00     6.9844506e-09
     3460.00     7.1251501e-09
     3470.00     7.2905406e-09
     3480.00     7.4796951e-09
     3490.00     7.6698231e-09
     3500.00     7.8461420e-09
     3510.00     7.9941191e-09
     3520.00     8.1135491e-09
     3530.00     8.2036337e-09
     3540.00     8.2480999e-09
     3550.00     8.2427788e-09
     3560.00     8.2138374e-09
     3570.00     8.1686866e-09
     3580.00     8.0974617e-09
     3590.00     7.9854734e-09
     3600.00     7.8198189e-09
     3610.00     7.6191171e-09
     3620.00     7.4114114e-09
     3630.00     7.1757741e-09
     3640.00     6.8670498e-09
     3650.00     6.4620489e-09
     3660.00     5.9679991e-09
     3670.00     5.4279269e-09
     3680.00     4.9107505e-09
     3690.00     4.4712829e-09
     3700.00     4.1303878e-09
     3710.00     3.8987901e-09
     3720.00     3.7860050e-09
     3730.00     3.7798802e-09
     3740.00     3.8488556e-09
     3750.00     3.9611723e-09
     3760.00     4.0967883e-09
     3770.00     4.2521259e-09
     3780.00     4.4321016e-09
     3790.00     4.6455410e-09
     3800.00     4.9127390e-09
     3810.00     5.2612391e-09
     3820.00     5.7063267e-09
     3830.00     6.2431659e-09
     3840.00     6.8511095e-09
     3850.00     7.4933279e-09
     3860.00     8.1231889e-09
     3870.00     8.6975579e-09
     3880.00     9.1813383e-09
     3890.00     9.5555268e-09
     3900.00     9.8174783e-09
     3910.00     9.9657270e-09
     3920.00     9.9944536e-09
     3930.00     9.9071982e-09
     3940.00     9.7233728e-09
     3950.00     9.4642973e-09
     3960.00     9.1522713e-09
     3970.00     8.8293543e-09
     3980.00     8.5582266e-09
     3990.00     8.3950044e-09
     4000.00     8.3655255e-09
     4010.00     8.4629984e-09
     4020.00     8.6590086e-09
     4030.00     8.9151707e-09
     4040.00     9.1897879e-09
     4050.00     9.4436299e-09
     4060.00     9.6409569e-09
     4070.00     9.7498325e-09
     4080.00     9.7529310e-09
     4090.00     9.6562376e-09
     4100.00     9.4828186e-09
     4110.00     9.2590262e-09
     4120.00     9.0051444e-09
     4130.00     8.7368360e-09
     4140.00     8.4706184e-09
     4150.00     8.2205078e-09
     4160.00     7.9888005e-09
     4170.00     7.7643145e-09
     4180.00     7.5302171e-09
     4190.00     7.2745926e-09
     4200.00     6.9971983e-09
     4210.00     6.7080800e-09
     4220.00     6.4194131e-09
     4230.00     6.1372591e-09
     4240.00     5.8601204e-09
     4250.00     5.5866421e-09
     4260.00     5.3238051e-09
     4270.00     5.0883308e-09
     4280.00     4.9017657e-09
     4290.00     4.7843921e-09
     4300.00     4.7499256e-09
     4310.00     4.8001003e-09
     4320.00     4.9216616e-09
     4330.00     5.0899473e-09
     4340.00     5.2765634e-09
     4350.00     5.4548586e-09
     4360.00     5.6027547e-09
     4370.00     5.7054140e-09
     4380.00     5.7571089e-09
     4390.00     5.7618698e-09
     4400.00     5.7338656e-09
     4410.00     5.6967376e-09
     4420.00     5.6801351e-09
     4430.00     5.7112233e-09
     4440.00     5.8035633e-09
     4450.00     5.9507218e-09
     4460.00     6.1295867e-09
     4470.00     6.3106146e-09
     4480.00     6.4679228e-09
     4490.00     6.5851997e-09
     4500.00     6.6568886e-09
     4510.00     6.6854380e-09
     4520.00     6.6773026e-09
     4530.00     6.6406222e-09
     4540.00     6.5844802e-09
     4550.00     6.5179553e-09
     4560.00     6.4485678e-09
     4570.00     6.3803454e-09
     4580.00     6.3115164e-09
     4590.00     6.2333709e-09
     4600.00     6.1334034e-09
     4610.00     6.0019268e-09
     4620.00     5.8374469e-09
     4630.00     5.6483120e-09
     4640.00     5.4505396e-09
     4650.00     5.2628448e-09
     4660.00     5.1007006e-09
     4670.00     4.9716548e-09
     4680.00     4.8735072e-09
     4690.00     4.7960641e-09
     4700.00     4.7259654e-09
     4710.00     4.6523268e-09
     4720.00     4.5704992e-09
     4730.00     4.4828786e-09
     4740.00     4.3970157e-09
     4750.00     4.3211437e-09
     4760.00     4.2582931e-09
     4770.00     4.2026937e-09
     4780.00     4.1417836e-09
     4790.00     4.0621804e-09
     4800.00     3.9558833e-09
     4810.00     3.8235999e-09
     4820.00     3.6744726e-09
     4830.00     3.5233307e-09
     4840.00     3.3870264e-09
     4850.00     3.2807703e-09
     4860.00     3.2146978e-09
     4870.00     3.1911821e-09
     4880.00     3.2038856e-09
     4890.00     3.2388496e-09
     4900.00     3.2778759e-09
     4910.00     3.3063182e-09
     4920.00     3.3221477e-09
     4930.00     3.3337158e-09
     4940.00     3.3475158e-09
     4950.00     3.3638535e-09
     4960.00     3.3819828e-09
     4970.00     3.4036577e-09
     4980.00     3.4325256e-09
     4990.00     3.4721016e-09
     5000.00     3.5241409e-09
     5010.00     3.5884682e-09
     5020.00     3.6644514e-09
     5030.00     3.7520224e-09
     5040.00     3.8507331e-09
     5050.00     3.9579387e-09
     5060.00     4.0681250e-09
     5070.00     4.1739321e-09
     5080.00     4.2678978e-09
     5090.00     4.3439173e-09
     5100.00     4.3982432e-09
     5110.00     4.4302202e-09
     5120.00     4.4426150e-09
     5130.00     4.4410849e-09
     5140.00     4.4324146e-09
     5150.00     4.4216958e-09
     5160.00     4.4095800e-09
     5170.00     4.3912215e-09
     5180.00     4.3577050e-09
     5190.00     4.2989718e-09
     5200.00     4.2076546e-09
     5210.00     4.0824579e-09
     5220.00     3.9295563e-09
     5230.00     3.7613387e-09
     5240.00     3.5932009e-09
     5250.00     3.4398784e-09
     5260.00     3.3126257e-09
     5270.00     3.2178076e-09
     5280.00     3.1568123e-09
     5290.00     3.1269241e-09
     5300.00     3.1226975e-09
     5310.00     3.1373730e-09
     5320.00     3.1640076e-09
     5330.00     3.1959895e-09
     5340.00     3.2268530e-09
     5350.00     3.2500049e-09
     5360.00     3.2590926e-09
     5370.00     3.2491423e-09
     5380.00     3.2179916e-09
     5390.00     3.1670664e-09
     5400.00     3.1008691e-09
     5410.00     3.0257844e-09
     5420.00     2.9496524e-09
     5430.00     2.8818343e-09
     5440.00     2.8321790e-09
     5450.00     2.8089762e-09
     5460.00     2.8172349e-09
     5470.00     2.8578258e-09
     5480.00     2.9273290e-09
     5490.00     3.0185136e-09
     5500.00     3.1214512e-09
     5510.00     3.2251285e-09
     5520.00     3.3192795e-09
     5530.00     3.3961975e-09
     5540.00     3.4522127e-09
     5550.00     3.4882025e-09
     5560.00     3.5086383e-09
     5570.00     3.5194532e-09
     5580.00     3.5257351e-09
     5590.00     3.5303420e-09
     5600.00     3.5338859e-09
     5610.00     3.5356026e-09
     5620.00     3.5341672e-09
     5630.00     3.5280603e-09
     5640.00     3.5157529e-09
     5650.00     3.4959413e-09
     5660.00     3.4677139e-09
     5670.00     3.4305237e-09
     5680.00     3.3842221e-09
     5690.00     3.3294588e-09
     5700.00     3.2681946e-09
     5710.00     3.2037073e-09
     5720.00     3.1399089e-09
     5730.00     3.0805324e-09
     5740.00     3.0288126e-09
     5750.00     2.9875975e-09
     5760.00     2.9592936e-09
     5770.00     2.9453441e-09
     5780.00     2.9456128e-09
     5790.00     2.9582261e-09
     5800.00     2.9799904e-09
     5810.00     3.0070841e-09
     5820.00     3.0357159e-09
     5830.00     3.0626288e-09
     5840.00     3.0853835e-09
     5850.00     3.1025538e-09
     5860.00     3.1139090e-09
     5870.00     3.1205203e-09
     5880.00     3.1245842e-09
     5890.00     3.1285802e-09
     5900.00     3.1338624e-09
     5910.00     3.1395806e-09
     5920.00     3.1428934e-09
     5930.00     3.1403442e-09
     5940.00     3.1291518e-09
     5950.00     3.1073844e-09
     5960.00     3.0732392e-09
     5970.00     3.0244315e-09
     5980.00     2.9583453e-09
     5990.00     2.8727955e-09
     6000.00     2.7668664e-09
     6010.00     2.6414274e-09
     6020.00     2.4992359e-09
     6030.00     2.3447288e-09
     6040.00     2.1836443e-09
     6050.00     2.0225719e-09
     6060.00     1.8684462e-09
     6070.00     1.7278993e-09
     6080.00     1.6065788e-09
     6090.00     1.5085474e-09
     6100.00     1.4360126e-09
     6110.00     1.3895774e-09
     6120.00     1.3689029e-09
     6130.00     1.3733995e-09
     6140.00     1.4025518e-09
     6150.00     1.4556691e-09
     6160.00     1.5311773e-09
     6170.00     1.6259634e-09
     6180.00     1.7353206e-09
     6190.00     1.8535457e-09
     6200.00     1.9748061e-09
     6210.00     2.0939196e-09
     6220.00     2.2068522e-09
     6230.00     2.3108379e-09
     6240.00     2.4041501e-09
     6250.00     2.4857233e-09
     6260.00     2.5548923e-09
     6270.00     2.6113956e-09
     6280.00     2.6555485e-09
     6290.00     2.6883135e-09
     6300.00     2.7110784e-09
     6310.00     2.7252196e-09
     6320.00     2.7317488e-09
     6330.00     2.7312691e-09
     6340.00     2.7242275e-09
     6350.00     2.7111656e-09
     6360.00     2.6927552e-09
     6370.00     2.6696639e-09
     6380.00     2.6424404e-09
     6390.00     2.6115293e-09
     6400.00     2.5773773e-09
     6410.00     2.5405324e-09
     6420.00     2.5016826e-09
     6430.00     2.4616390e-09
     6440.00     2.4212928e-09
     6450.00     2.3815708e-09
     6460.00     2.3433975e-09
     6470.00     2.3076437e-09
     6480.00     2.2750355e-09
     6490.00     2.2460206e-09
     6500.00     2.2206466e-09
     6510.00     2.1985124e-09
     6520.00     2.1788169e-09
     6530.00     2.1604695e-09
     6540.00     2.1422383e-09
     6550.00     2.1229580e-09
     6560.00     2.1018154e-09
     6570.00     2.0786153e-09
     6580.00     2.0538247e-09
     6590.00     2.0282673e-09
     6600.00     2.0026072e-09
     6610.00     1.9769504e-09
     6620.00     1.9508213e-09
     6630.00     1.9235049e-09
     6640.00     1.8945282e-09
     6650.00     1.8640217e-09
     6660.00     1.8327905e-09
     6670.00     1.8020636e-09
     6680.00     1.7730437e-09
     6690.00     1.7465044e-09
     6700.00     1.7226470e-09
     6710.00     1.7012219e-09
     6720.00     1.6817410e-09
     6730.00     1.6636477e-09
     6740.00     1.6464400e-09
     6750.00     1.6297463e-09
     6760.00     1.6133278e-09
     6770.00     1.5970255e-09
     6780.00     1.5807257e-09
     6790.00     1.5643774e-09
     6800.00     1.5480255e-09
     6810.00     1.5317986e-09
     6820.00     1.5158514e-09
     6830.00     1.5003099e-09
     6840.00     1.4852761e-09
     6850.00     1.4708851e-09
     6860.00     1.4573555e-09
     6870.00     1.4449601e-09
     6880.00     1.4339266e-09
     6890.00     1.4243338e-09
     6900.00     1.4160734e-09
     6910.00     1.4088897e-09
     6920.00     1.4024552e-09
     6930.00     1.3964360e-09
     6940.00     1.3905237e-09
     6950.00     1.3844456e-09
     6960.00     1.3779838e-09
     6970.00     1.3710213e-09
     6980.00     1.3636003e-09
     6990.00     1.3559469e-09
     7000.00     1.3484190e-09
     7010.00     1.3413859e-09
     7020.00     1.3350956e-09
     7030.00     1.3296021e-09
     7040.00     1.3247841e-09
     7050.00     1.3204243e-09
     7060.00     1.3162851e-09
     7070.00     1.3121355e-09
     7080.00     1.3077299e-09
     7090.00     1.3027780e-09
     7100.00     1.2969509e-09
     7110.00     1.2899413e-09
     7120.00     1.2815655e-09
     7130.00     1.2718626e-09
     7140.00     1.2611135e-09
     7150.00     1.2497710e-09
     7160.00     1.2383155e-09
     7170.00     1.2271057e-09
     7180.00     1.2163002e-09
     7190.00     1.2058718e-09
     7200.00     1.1956779e-09
     7210.00     1.1855408e-09
     7220.00     1.1753078e-09
     7230.00     1.1648765e-09
     7240.00     1.1541882e-09
     7250.00     1.1432085e-09
     7260.00     1.1319138e-09
     7270.00     1.1202963e-09
     7280.00     1.1083747e-09
     7290.00     1.0961981e-09
     7300.00     1.0838325e-09
     7310.00     1.0713368e-09
     7320.00     1.0587344e-09
     7330.00     1.0459912e-09
     7340.00     1.0330089e-09
     7350.00     1.0196460e-09
     7360.00     1.0057665e-09
     7370.00     9.9130089e-10
     7380.00     9.7629748e-10
     7390.00     9.6094821e-10
     7400.00     9.4558923e-10
     7410.00     9.3066859e-10
     7420.00     9.1668271e-10
     7430.00     9.0407823e-10
     7440.00     8.9313956e-10
     7450.00     8.8395924e-10
     7460.00     8.7653570e-10
     7470.00     8.7091979e-10
     7480.00     8.6727264e-10
     7490.00     8.6578352e-10
     7500.00     8.6652174e-10
     7510.00     8.6933129e-10
     7520.00     8.7382102e-10
     7530.00     8.7943951e-10
     7540.00     8.8559490e-10
     7550.00     8.9177756e-10
     7560.00     8.9765221e-10
     7570.00     9.0309746e-10
     7580.00     9.0818356e-10
     7590.00     9.1309588e-10
     7600.00     9.1803086e-10
     7610.00     9.2310626e-10
     7620.00     9.2832479e-10
     7630.00     9.3360508e-10
     7640.00     9.3885846e-10
     7650.00     9.4406543e-10
     7660.00     9.4930782e-10
     7670.00     9.5473890e-10
     7680.00     9.6050922e-10
     7690.00     9.6668948e-10
     7700.00     9.7322775e-10
     7710.00     9.7995149e-10
     7720.00     9.8660247e-10
     7730.00     9.9288823e-10
     7740.00     9.9850807e-10
     7750.00     1.0031808e-09
     7760.00     1.0066716e-09
     7770.00     1.0088094e-09
     7780.00     1.0094879e-09
     7790.00     1.0086482e-09
     7800.00     1.0062510e-09
     7810.00     1.0022534e-09
     7820.00     9.9660971e-10
     7830.00     9.8930001e-10
     7840.00     9.8037669e-10
     7850.00     9.7000973e-10
     7860.00     9.5852038e-10
     7870.00     9.4640523e-10
     7880.00     9.3433593e-10
     7890.00     9.2307309e-10
     7900.00     9.1323313e-10
     7910.00     9.0498392e-10
     7920.00     8.9792052e-10
     7930.00     8.9132197e-10
     7940.00     8.8465483e-10
     7950.00     8.7791956e-10
     7960.00     8.7156482e-10
     7970.00     8.6608699e-10
     7980.00     8.6166930e-10
     7990.00     8.5809997e-10
     8000.00     8.5491632e-10
     8010.00     8.5157187e-10
     8020.00     8.4752994e-10
     8030.00     8.4233999e-10
     8040.00     8.3576073e-10
     8050.00     8.2781751e-10
     8060.00     8.1871484e-10
     8070.00     8.0867154e-10
     8080.00     7.9781283e-10
     8090.00     7.8617795e-10
     8100.00     7.7379454e-10
     8110.00     7.6074393e-10
     8120.00     7.4718374e-10
     8130.00     7.3333837e-10
     8140.00     7.1947768e-10
     8150.00     7.0589397e-10
     8160.00     6.9287870e-10
     8170.00     6.8070064e-10
     8180.00     6.6959037e-10
     8190.00     6.5973709e-10
     8200.00     6.5130062e-10
     8210.00     6.4443752e-10
     8220.00     6.3933619e-10
     8230.00     6.3624694e-10
     8240.00     6.3547934e-10
     8250.00     6.3733430e-10
     8260.00     6.4197006e-10
     8270.00     6.4927129e-10
     8280.00     6.5883093e-10
     8290.00     6.7009299e-10
     8300.00     6.8257237e-10
     8310.00     6.9600003e-10
     8320.00     7.1031459e-10
     8330.00     7.2554796e-10
     8340.00     7.4170736e-10
     8350.00     7.5871440e-10
     8360.00     7.7639911e-10
     8370.00     7.9452198e-10
     8380.00     8.1281765e-10
     8390.00     8.3101454e-10
     8400.00     8.4884722e-10
     8410.00     8.6607515e-10
     8420.00     8.8249160e-10
     8430.00     8.9791990e-10
     8440.00     9.1220110e-10
     8450.00     9.2518324e-10
     8460.00     9.3672174e-10
     8470.00     9.4669280e-10
     8480.00     9.5501284e-10
     8490.00     9.6165332e-10
     8500.00     9.6664394e-10
     8510.00     9.7006378e-10
     8520.00     9.7202653e-10
     8530.00     9.7266517e-10
     8540.00     9.7212010e-10
     8550.00     9.7052998e-10
     8560.00     9.6802283e-10
     8570.00     9.6470883e-10
     8580.00     9.6067605e-10
     8590.00     9.5599178e-10
     8600.00     9.5070925e-10
     8610.00     9.4487619e-10
     8620.00     9.3854048e-10
     8630.00     9.3175034e-10
     8640.00     9.2455021e-10
     8650.00     9.1697497e-10
     8660.00     9.0904649e-10
     8670.00     9.0077509e-10
     8680.00     8.9216376e-10
     8690.00     8.8321018e-10
     8700.00     8.7389627e-10
     8710.00     8.6420536e-10
     8720.00     8.5412742e-10
     8730.00     8.4365519e-10
     8740.00     8.3278117e-10
     8750.00     8.2149892e-10
     8760.00     8.0981183e-10
     8770.00     7.9774892e-10
     8780.00     7.8538351e-10
     8790.00     7.7284701e-10
     8800.00     7.6033014e-10
     8810.00     7.4806763e-10
     8820.00     7.3630994e-10
     8830.00     7.2529175e-10
     8840.00     7.1520943e-10
     8850.00     7.0621542e-10
     8860.00     6.9842882e-10
     8870.00     6.9195263e-10
     8880.00     6.8688213e-10
     8890.00     6.8329014e-10
     8900.00     6.8118559e-10
     8910.00     6.8046253e-10
     8920.00     6.7998237e-10
     8930.00     6.7966778e-10
     8940.00     6.7965163e-10
     8950.00     6.7965736e-10
     8960.00     6.7955393e-10
     8970.00     6.7934204e-10
     8980.00     6.7909673e-10
     8990.00     6.7890796e-10
     9000.00     6.7884379e-10
     9010.00     6.7893505e-10
     9020.00     6.7917344e-10
     9030.00     6.7952169e-10
     9040.00     6.7993878e-10
     9050.00     6.8041535e-10
     9060.00     6.8100222e-10
     9070.00     6.8180581e-10
     9080.00     6.8295563e-10
     9090.00     6.8455737e-10
     9100.00     6.8665477e-10
     9110.00     6.8921737e-10
     9120.00     6.9215561e-10
     9130.00     6.9535066e-10
     9140.00     6.9868288e-10
     9150.00     7.0204841e-10
     9160.00     7.0536284e-10
     9170.00     7.0855662e-10
     9180.00     7.1156789e-10
     9190.00     7.1433596e-10
     9200.00     7.1679446e-10
     9210.00     7.1886124e-10
     9220.00     7.2042263e-10
     9230.00     7.2131317e-10
     9240.00     7.2130041e-10
     9250.00     7.2009558e-10
     9260.00     7.1741539e-10
     9270.00     7.1310186e-10
     9280.00     7.0726072e-10
     9290.00     7.0033309e-10
     9300.00     6.9302292e-10
     9310.00     6.8608485e-10
     9320.00     6.8007732e-10
     9330.00     6.7521595e-10
     9340.00     6.7139036e-10
     9350.00     6.6830018e-10
     9360.00     6.6561098e-10
     9370.00     6.6305496e-10
     9380.00     6.6046059e-10
     9390.00     6.5773687e-10
     9400.00     6.5484409e-10
     9410.00     6.5177007e-10
     9420.00     6.4851487e-10
     9430.00     6.4508409e-10
     9440.00     6.4148805e-10
     9450.00     6.3774088e-10
     9460.00     6.3386005e-10
     9470.00     6.2986587e-10
     9480.00     6.2578097e-10
     9490.00     6.2162966e-10
     9500.00     6.1743723e-10
     9510.00     6.1322926e-10
     9520.00     6.0903088e-10
     9530.00     6.0486617e-10
     9540.00     6.0075748e-10
     9550.00     5.9672495e-10
     9560.00     5.9278611e-10
     9570.00     5.8895554e-10
     9580.00     5.8524471e-10
     9590.00     5.8166187e-10
     9600.00     5.7821213e-10
     9610.00     5.7489760e-10
     9620.00     5.7171756e-10
     9630.00     5.6866887e-10
     9640.00     5.6574626e-10
     9650.00     5.6294278e-10
     9660.00     5.6002021e-10
     9670.00     5.5708049e-10
     9680.00     5.5420758e-10
     9690.00     5.5139149e-10
     9700.00     5.4862249e-10
     9710.00     5.4589130e-10
     9720.00     5.4318937e-10
     9730.00     5.4050897e-10
     9740.00     5.3784331e-10
     9750.00     5.3518656e-10
     9760.00     5.3253384e-10
     9770.00     5.2988118e-10
     9780.00     5.2722550e-10
     9790.00     5.2456446e-10
     9800.00     5.2189647e-10
     9810.00     5.1922054e-10
     9820.00     5.1653622e-10
     9830.00     5.1384353e-10
     9840.00     5.1114289e-10
     9850.00     5.0843504e-10
     9860.00     5.0572094e-10
     9870.00     5.0300174e-10
     9880.00     5.0027870e-10
     9890.00     4.9755305e-10
     9900.00     4.9482601e-10
     9910.00     4.9209863e-10
     9920.00     4.8937171e-10
     9930.00     4.8664577e-10
     9940.00     4.8392091e-10
     9950.00     4.8119678e-10
     9960.00     4.7847249e-10
     9970.00     4.7574663e-10
     9980.00     4.7301721e-10
     9990.00     4.7028167e-10
    10000.00     4.6753697e-10
    10010.00     4.6477961e-10
    10020.00     4.6200577e-10
    10030.00     4.5921143e-10
    10040.00     4.5639252e-10
    10050.00     4.5354506e-10
    10060.00     4.5066537e-10
    10070.00     4.4775021e-10
    10080.00     4.4479690e-10
    10090.00     4.4180347e-10
    10100.00     4.3876872e-10
    10110.00     4.3569229e-10
    10120.00     4.3257462e-10
    10130.00     4.2941694e-10
    10140.00     4.2622117e-10
    10150.00     4.2298981e-10
    10160.00     4.1972582e-10
    10170.00     4.1643246e-10
    10180.00     4.1311319e-10
    10190.00     4.0977150e-10
    10200.00     4.0641089e-10
    10210.00     4.0303476e-10
    10220.00     3.9964641e-10
    10230.00     3.9624911e-10
    10240.00     3.9284614e-10
    10250.00     3.8944091e-10
    10260.00     3.8603713e-10
    10270.00     3.8263892e-10
    10280.00     3.7925103e-10
    10290.00     3.7587897e-10
    10300.00     3.7252916e-10
    10310.00     3.6920904e-10
    10320.00     3.6592715e-10
    10330.00     3.6269319e-10
    10340.00     3.5951803e-10
    10350.00     3.5641359e-10
    10360.00     3.5339274e-10
    10370.00     3.5046908e-10
    10380.00     3.4765671e-10
    10390.00     3.4497003e-10
    10400.00     3.4242335e-10
    10410.00     3.4003066e-10
    10420.00     3.3780523e-10
    10430.00     3.3575929e-10
    10440.00     3.3390370e-10
    10450.00     3.3224761e-10
    10460.00     3.3079817e-10
    10470.00     3.2956032e-10
    10480.00     3.2853656e-10
    10490.00     3.2772685e-10
    10500.00     3.2712855e-10
    10510.00     3.2673645e-10
    10520.00     3.2654288e-10
    10530.00     3.2653790e-10
    10540.00     3.2670950e-10
    10550.00     3.2704395e-10
    10560.00     3.2752612e-10
    10570.00     3.2813985e-10
    10580.00     3.2886831e-10
    10590.00     3.2969439e-10
    10600.00     3.3060105e-10
    10610.00     3.3157161e-10
    10620.00     3.3259005e-10
    10630.00     3.3364122e-10
    10640.00     3.3471107e-10
    10650.00     3.3578678e-10
    10660.00     3.3685688e-10
    10670.00     3.3791138e-10
    10680.00     3.3894183e-10
    10690.00     3.3994144e-10
    10700.00     3.4090510e-10
    10710.00     3.4182948e-10
    10720.00     3.4271304e-10
    10730.00     3.4355607e-10
    10740.00     3.4436066e-10
    10750.00     3.4513057e-10
    10760.00     3.4587117e-10
    10770.00     3.4658913e-10
    10780.00     3.4729213e-10
    10790.00     3.4798847e-10
    10800.00     3.4868653e-10
    10810.00     3.4939433e-10
    10820.00     3.5011889e-10
    10830.00     3.5086572e-10
    10840.00     3.5163834e-10
    10850.00     3.5243786e-10
    10860.00     3.5326267e-10
    10870.00     3.5410839e-10
    10880.00     3.5496791e-10
    10890.00     3.5583158e-10
    10900.00     3.5668772e-10
    10910.00     3.5752303e-10
    10920.00     3.5832338e-10
    10930.00     3.5907436e-10
    10940.00     3.5976212e-10
    10950.00     3.6037390e-10
    10960.00     3.6089864e-10
    10970.00     3.6132740e-10
    10980.00     3.6165360e-10
    10990.00     3.6187312e-10
    11000.00     3.6198427e-10
    11010.00     3.6198759e-10
    11020.00     3.6188555e-10
    11030.00     3.6168217e-10
    11040.00     3.6138263e-10
    11050.00     3.6099285e-10
    11060.00     3.6051909e-10
    11070.00     3.5996767e-10
    11080.00     3.5934465e-10
    11090.00     3.5865568e-10
    11100.00     3.5790588e-10
    11110.00     3.5709983e-10
    11120.00     3.5624155e-10
    11130.00     3.5533462e-10
    11140.00     3.5438226e-10
    11150.00     3.5338745e-10
    11160.00     3.5235305e-10
    11170.00     3.5128195e-10
    11180.00     3.5017710e-10
    11190.00     3.4904168e-10
    11200.00     3.4787910e-10
    11210.00     3.4669302e-10
    11220.00     3.4548737e-10
    11230.00     3.4426635e-10
    11240.00     3.4303436e-10
    11250.00     3.4179594e-10
    11260.00     3.4055575e-10
    11270.00     3.3931845e-10
    11280.00     3.3808862e-10
    11290.00     3.3687071e-10
    11300.00     3.3566892e-10
    11310.00     3.3448712e-10
    11320.00     3.3332879e-10
    11330.00     3.3219695e-10
    11340.00     3.3109407e-10
    11350.00     3.3002201e-10
    11360.00     3.2898201e-10
    11370.00     3.2797464e-10
    11380.00     3.2699974e-10
    11390.00     3.2605651e-10
    11400.00     3.2514343e-10
    11410.00     3.2425834e-10
    11420.00     3.2339848e-10
    11430.00     3.2256053e-10
    11440.00     3.2174072e-10
    11450.00     3.2093488e-10
    11460.00     3.2013856e-10
    11470.00     3.1934715e-10
    11480.00     3.1855594e-10
    11490.00     3.1776029e-10
    11500.00     3.1695572e-10
    11510.00     3.1613800e-10
    11520.00     3.1530326e-10
    11530.00     3.1444809e-10
    11540.00     3.1356961e-10
    11550.00     3.1266554e-10
    11560.00     3.1173421e-10
    11570.00     3.1077464e-10
    11580.00     3.0978651e-10
    11590.00     3.0877017e-10
    11600.00     3.0772658e-10
    11610.00     3.0665734e-10
    11620.00     3.0556452e-10
    11630.00     3.0445068e-10
    11640.00     3.0331872e-10
    11650.00     3.0217183e-10
    11660.00     3.0101333e-10
    11670.00     2.9984664e-10
    11680.00     2.9867513e-10
    11690.00     2.9750202e-10
    11700.00     2.9633032e-10
    11710.00     2.9516275e-10
    11720.00     2.9400168e-10
    11730.00     2.9284908e-10
    11740.00     2.9170646e-10
    11750.00     2.9057496e-10
    11760.00     2.8945526e-10
    11770.00     2.8834766e-10
    11780.00     2.8725210e-10
    11790.00     2.8616825e-10
    11800.00     2.8509554e-10
    11810.00     2.8403326e-10
    11820.00     2.8298064e-10
    11830.00     2.8193690e-10
    11840.00     2.8090136e-10
    11850.00     2.7987350e-10
    11860.00     2.7885301e-10
    11870.00     2.7783986e-10
    11880.00     2.7683434e-10
    11890.00     2.7583705e-10
    11900.00     2.7484897e-10
    11910.00     2.7387142e-10
    11920.00     2.7290608e-10
    11930.00     2.7195490e-10
    11940.00     2.7102017e-10
    11950.00     2.7010438e-10
    11960.00     2.6921025e-10
    11970.00     2.6834062e-10
    11980.00     2.6749844e-10
    11990.00     2.6668665e-10
    12000.00     2.6590823e-10
    12010.00     2.6516602e-10
    12020.00     2.6446275e-10
    12030.00     2.6380094e-10
    12040.00     2.6318291e-10
    12050.00     2.6261064e-10
    12060.00     2.6208582e-10
    12070.00     2.6160976e-10
    12080.00     2.6118338e-10
    12090.00     2.6080717e-10
    12100.00     2.6048120e-10
    12110.00     2.6020510e-10
    12120.00     2.5997803e-10
    12130.00     2.5979876e-10
    12140.00     2.5966563e-10
    12150.00     2.5957658e-10
    12160.00     2.5952924e-10
    12170.00     2.5952091e-10
    12180.00     2.5954865e-10
    12190.00     2.5960936e-10
    12200.00     2.5969978e-10
    12210.00     2.5981656e-10
    12220.00     2.5995638e-10
    12230.00     2.6011592e-10
    12240.00     2.6029199e-10
    12250.00     2.6048150e-10
    12260.00     2.6068152e-10
    12270.00     2.6088933e-10
    12280.00     2.6110237e-10
    12290.00     2.6131829e-10
    12300.00     2.6153492e-10
    12310.00     2.6175023e-10
    12320.00     2.6196234e-10
    12330.00     2.6216946e-10
    12340.00     2.6236986e-10
    12350.00     2.6256178e-10
    12360.00     2.6274350e-10
    12370.00     2.6291319e-10
    12380.00     2.6306893e-10
    12390.00     2.6320868e-10
    12400.00     2.6333023e-10
    12410.00     2.6343123e-10
    12420.00     2.6350914e-10
    12430.00     2.6356129e-10
    12440.00     2.6358488e-10
    12450.00     2.6357704e-10
    12460.00     2.6353482e-10
    12470.00     2.6345528e-10
    12480.00     2.6333549e-10
    12490.00     2.6317265e-10
    12500.00     2.6296408e-10
    12510.00     2.6270729e-10
    12520.00     2.6240005e-10
    12530.00     2.6204041e-10
    12540.00     2.6162675e-10
    12550.00     2.6115782e-10
    12560.00     2.6063276e-10
    12570.00     2.6005113e-10
    12580.00     2.5941289e-10
    12590.00     2.5871844e-10
    12600.00     2.5796858e-10
    12610.00     2.5716451e-10
    12620.00     2.5630781e-10
    12630.00     2.5540039e-10
    12640.00     2.5444451e-10
    12650.00     2.5344268e-10
    12660.00     2.5239762e-10
    12670.00     2.5131229e-10
    12680.00     2.5018978e-10
    12690.00     2.4903329e-10
    12700.00     2.4784611e-10
    12710.00     2.4663156e-10
    12720.00     2.4539301e-10
    12730.00     2.4413381e-10
    12740.00     2.4285729e-10
    12750.00     2.4156674e-10
    12760.00     2.4026546e-10
    12770.00     2.3895666e-10
    12780.00     2.3764353e-10
    12790.00     2.3632923e-10
    12800.00     2.3501685e-10
    12810.00     2.3370945e-10
    12820.00     2.3241004e-10
    12830.00     2.3112157e-10
    12840.00     2.2984695e-10
    12850.00     2.2858893e-10
    12860.00     2.2735022e-10
    12870.00     2.2613335e-10
    12880.00     2.2494068e-10
    12890.00     2.2377436e-10
    12900.00     2.2263633e-10
    12910.00     2.2152818e-10
    12920.00     2.2045125e-10
    12930.00     2.1940651e-10
    12940.00     2.1839454e-10
    12950.00     2.1741558e-10
    12960.00     2.1646944e-10
    12970.00     2.1555557e-10
    12980.00     2.1467305e-10
    12990.00     2.1382063e-10
    13000.00     2.1299675e-10
    13010.00     2.1219963e-10
    13020.00     2.1142729e-10
    13030.00     2.1067764e-10
    13040.00     2.0994853e-10
    13050.00     2.0923785e-10
    13060.00     2.0854358e-10
    13070.00     2.0786383e-10
    13080.00     2.0719691e-10
    13090.00     2.0654140e-10
    13100.00     2.0589613e-10
    13110.00     2.0526020e-10
    13120.00     2.0463302e-10
    13130.00     2.0401426e-10
    13140.00     2.0340381e-10
    13150.00     2.0280175e-10
    13160.00     2.0220834e-10
    13170.00     2.0162392e-10
    13180.00     2.0104885e-10
    13190.00     2.0048348e-10
    13200.00     1.9992808e-10
    13210.00     1.9938281e-10
    13220.00     1.9884765e-10
    13230.00     1.9832241e-10
    13240.00     1.9780668e-10
    13250.00     1.9729981e-10
    13260.00     1.9680098e-10
    13270.00     1.9630916e-10
    13280.00     1.9582311e-10
    13290.00     1.9534150e-10
    13300.00     1.9486284e-10
    13310.00     1.9438558e-10
    13320.00     1.9390815e-10
    13330.00     1.9342897e-10
    13340.00     1.9294650e-10
    13350.00     1.9245928e-10
    13360.00     1.9196593e-10
    13370.00     1.9146522e-10
    13380.00     1.9095604e-10
    13390.00     1.9043747e-10
    13400.00     1.8990872e-10
    13410.00     1.8936918e-10
    13420.00     1.8881842e-10
    13430.00     1.8825616e-10
    13440.00     1.8768228e-10
    13450.00     1.8709681e-10
    13460.00     1.8649992e-10
    13470.00     1.8589186e-10
    13480.00     1.8527305e-10
    13490.00     1.8464393e-10
    13500.00     1.8400508e-10
    13510.00     1.8335706e-10
    13520.00     1.8270053e-10
    13530.00     1.8203614e-10
    13540.00     1.8136456e-10
    13550.00     1.8068646e-10
    13560.00     1.8000247e-10
    13570.00     1.7931321e-10
    13580.00     1.7861926e-10
    13590.00     1.7792113e-10
    13600.00     1.7721932e-10
    13610.00     1.7651423e-10
    13620.00     1.7580625e-10
    13630.00     1.7509569e-10
    13640.00     1.7438282e-10
    13650.00     1.7366786e-10
    13660.00     1.7295099e-10
    13670.00     1.7223236e-10
    13680.00     1.7151212e-10
    13690.00     1.7079038e-10
    13700.00     1.7006726e-10
    13710.00     1.6934289e-10
    13720.00     1.6861741e-10
    13730.00     1.6789099e-10
    13740.00     1.6716381e-10
    13750.00     1.6643612e-10
    13760.00     1.6570818e-10
    13770.00     1.6498029e-10
    13780.00     1.6425279e-10
    13790.00     1.6352607e-10
    13800.00     1.6280052e-10
    13810.00     1.6207659e-10
    13820.00     1.6135472e-10
    13830.00     1.6063536e-10
    13840.00     1.5991898e-10
    13850.00     1.5920602e-10
    13860.00     1.5849692e-10
    13870.00     1.5779210e-10
    13880.00     1.5709194e-10
    13890.00     1.5639680e-10
    13900.00     1.5570698e-10
    13910.00     1.5502277e-10
    13920.00     1.5434440e-10
    13930.00     1.5367206e-10
    13940.00     1.5300590e-10
    13950.00     1.5234604e-10
    13960.00     1.5169253e-10
    13970.00     1.5104543e-10
    13980.00     1.5040472e-10
    13990.00     1.4977037e-10
    14000.00     1.4914230e-10
    14010.00     1.4852042e-10
    14020.00     1.4790459e-10
    14030.00     1.4729465e-10
    14040.00     1.4669042e-10
    14050.00     1.4609168e-10
    14060.00     1.4549819e-10
    14070.00     1.4490969e-10
    14080.00     1.4432591e-10
    14090.00     1.4374657e-10
    14100.00     1.4317139e-10
    14110.00     1.4260007e-10
    14120.00     1.4203233e-10
    14130.00     1.4146793e-10
    14140.00     1.4090662e-10
    14150.00     1.4034822e-10
    14160.00     1.3979255e-10
    14170.00     1.3923954e-10
    14180.00     1.3868914e-10
    14190.00     1.3814137e-10
    14200.00     1.3759633e-10
    14210.00     1.3705419e-10
    14220.00     1.3651519e-10
    14230.00     1.3597964e-10
    14240.00     1.3544795e-10
    14250.00     1.3492057e-10
    14260.00     1.3439800e-10
    14270.00     1.3388081e-10
    14280.00     1.3336960e-10
    14290.00     1.3286499e-10
    14300.00     1.3236761e-10
    14310.00     1.3187809e-10
    14320.00     1.3139704e-10
    14330.00     1.3092502e-10
    14340.00     1.3046256e-10
    14350.00     1.3001012e-10
    14360.00     1.2956807e-10
    14370.00     1.2913670e-10
    14380.00     1.2871621e-10
    14390.00     1.2830669e-10
    14400.00     1.2790812e-10
    14410.00     1.2752040e-10
    14420.00     1.2714331e-10
    14430.00     1.2677652e-10
    14440.00     1.2641963e-10
    14450.00     1.2607217e-10
    14460.00     1.2573356e-10
    14470.00     1.2540323e-10
    14480.00     1.2508052e-10
    14490.00     1.2476475e-10
    14500.00     1.2445524e-10
    14510.00     1.2415132e-10
    14520.00     1.2385232e-10
    14530.00     1.2355758e-10
    14540.00     1.2326652e-10
    14550.00     1.2297855e-10
    14560.00     1.2269318e-10
    14570.00     1.2240992e-10
    14580.00     1.2212837e-10
    14590.00     1.2184818e-10
    14600.00     1.2156905e-10
    14610.00     1.2129075e-10
    14620.00     1.2101310e-10
    14630.00     1.2073597e-10
    14640.00     1.2045929e-10
    14650.00     1.2018304e-10
    14660.00     1.1990728e-10
    14670.00     1.1963209e-10
    14680.00     1.1935762e-10
    14690.00     1.1908407e-10
    14700.00     1.1881168e-10
    14710.00     1.1854072e-10
    14720.00     1.1827153e-10
    14730.00     1.1800444e-10
    14740.00     1.1773982e-10
    14750.00     1.1747804e-10
    14760.00     1.1721946e-10
    14770.00     1.1696443e-10
    14780.00     1.1671326e-10
    14790.00     1.1646622e-10
    14800.00     1.1622350e-10
    14810.00     1.1598526e-10
    14820.00     1.1575155e-10
    14830.00     1.1552233e-10
    14840.00     1.1529752e-10
    14850.00     1.1507689e-10
    14860.00     1.1486017e-10
    14870.00     1.1464697e-10
    14880.00     1.1443685e-10
    14890.00     1.1422931e-10
    14900.00     1.1402379e-10
    14910.00     1.1381968e-10
    14920.00     1.1361636e-10
    14930.00     1.1341320e-10
    14940.00     1.1320956e-10
    14950.00     1.1300482e-10
    14960.00     1.1279841e-10
    14970.00     1.1258975e-10
    14980.00     1.1237836e-10
    14990.00     1.1216380e-10
    15000.00     1.1194567e-10
    15010.00     1.1172365e-10
    15020.00     1.1149748e-10
    15030.00     1.1126695e-10
    15040.00     1.1103192e-10
    15050.00     1.1079228e-10
    15060.00     1.1054799e-10
    15070.00     1.1029900e-10
    15080.00     1.1004531e-10
    15090.00     1.0978694e-10
    15100.00     1.0952387e-10
    15110.00     1.0925611e-10
    15120.00     1.0898361e-10
    15130.00     1.0870633e-10
    15140.00     1.0842416e-10
    15150.00     1.0813697e-10
    15160.00     1.0784458e-10
    15170.00     1.0754678e-10
    15180.00     1.0724329e-10
    15190.00     1.0693381e-10
    15200.00     1.0661803e-10
    15210.00     1.0629562e-10
    15220.00     1.0596621e-10
    15230.00     1.0562947e-10
    15240.00     1.0528507e-10
    15250.00     1.0493273e-10
    15260.00     1.0457219e-10
    15270.00     1.0420326e-10
    15280.00     1.0382580e-10
    15290.00     1.0343977e-10
    15300.00     1.0304517e-10
    15310.00     1.0264210e-10
    15320.00     1.0223073e-10
    15330.00     1.0181132e-10
    15340.00     1.0138419e-10
    15350.00     1.0094974e-10
    15360.00     1.0050844e-10
    15370.00     1.0006079e-10
    15380.00     9.9607348e-11
    15390.00     9.9148707e-11
    15400.00     9.8685490e-11
    15410.00     9.8218336e-11
    15420.00     9.7747900e-11
    15430.00     9.7274841e-11
    15440.00     9.6799817e-11
    15450.00     9.6323487e-11
    15460.00     9.5846497e-11
    15470.00     9.5369484e-11
    15480.00     9.4893070e-11
    15490.00     9.4417858e-11
    15500.00     9.3944429e-11
    15510.00     9.3473335e-11
    15520.00     9.3005097e-11
    15530.00     9.2540196e-11
    15540.00     9.2079064e-11
    15550.00     9.1622079e-11
    15560.00     9.1169557e-11
    15570.00     9.0721736e-11
    15580.00     9.0278777e-11
    15590.00     8.9840751e-11
    15600.00     8.9407635e-11
    15610.00     8.8979306e-11
    15620.00     8.8555550e-11
    15630.00     8.8136052e-11
    15640.00     8.7720409e-11
    15650.00     8.7308142e-11
    15660.00     8.6898706e-11
    15670.00     8.6491509e-11
    15680.00     8.6085937e-11
    15690.00     8.5681369e-11
    15700.00     8.5277210e-11
    15710.00     8.4872917e-11
    15720.00     8.4468022e-11
    15730.00     8.4062159e-11
    15740.00     8.3655090e-11
    15750.00     8.3246722e-11
    15760.00     8.2837128e-11
    15770.00     8.2426555e-11
    15780.00     8.2015435e-11
    15790.00     8.1604384e-11
    15800.00     8.1194198e-11
    15810.00     8.0785845e-11
    15820.00     8.0380447e-11
    15830.00     7.9979267e-11
    15840.00     7.9583677e-11
    15850.00     7.9195134e-11
    15860.00     7.8815155e-11
    15870.00     7.8445280e-11
    15880.00     7.8087044e-11
    15890.00     7.7741948e-11
    15900.00     7.7411428e-11
    15910.00     7.7096829e-11
    15920.00     7.6799384e-11
    15930.00     7.6520193e-11
    15940.00     7.6260211e-11
    15950.00     7.6020230e-11
    15960.00     7.5800885e-11
    15970.00     7.5602641e-11
    15980.00     7.5425806e-11
    15990.00     7.5270532e-11
    16000.00     7.5136829e-11
    16010.00     7.5024582e-11
    16020.00     7.4933562e-11
    16030.00     7.4863452e-11
    16040.00     7.4813861e-11
    16050.00     7.4784355e-11
    16060.00     7.4774465e-11
    16070.00     7.4783719e-11
    16080.00     7.4811656e-11
    16090.00     7.4857844e-11
    16100.00     7.4921892e-11
    16110.00     7.5003466e-11
    16120.00     7.5102293e-11
    16130.00     7.5218165e-11
    16140.00     7.5350946e-11
    16150.00     7.5500558e-11
    16160.00     7.5666980e-11
    16170.00     7.5850240e-11
    16180.00     7.6050391e-11
    16190.00     7.6267502e-11
    16200.00     7.6501635e-11
    16210.00     7.6752825e-11
    16220.00     7.7021058e-11
    16230.00     7.7306247e-11
    16240.00     7.7608214e-11
    16250.00     7.7926662e-11
    16260.00     7.8261166e-11
    16270.00     7.8611149e-11
    16280.00     7.8975873e-11
    16290.00     7.9354429e-11
    16300.00     7.9745733e-11
    16310.00     8.0148523e-11
    16320.00     8.0561368e-11
    16330.00     8.0982668e-11
    16340.00     8.1410673e-11
    16350.00     8.1843499e-11
    16360.00     8.2279140e-11
    16370.00     8.2715500e-11
    16380.00     8.3150414e-11
    16390.00     8.3581675e-11
    16400.00     8.4007061e-11
    16410.00     8.4424366e-11
    16420.00     8.4831429e-11
    16430.00     8.5226162e-11
    16440.00     8.5606577e-11
    16450.00     8.5970811e-11
    16460.00     8.6317152e-11
    16470.00     8.6644060e-11
    16480.00     8.6950186e-11
    16490.00     8.7234385e-11
    16500.00     8.7495733e-11
    16510.00     8.7733533e-11
    16520.00     8.7947319e-11
    16530.00     8.8136865e-11
    16540.00     8.8302175e-11
    16550.00     8.8443484e-11
    16560.00     8.8561247e-11
    16570.00     8.8656128e-11
    16580.00     8.8728985e-11
    16590.00     8.8780855e-11
    16600.00     8.8812930e-11
    16610.00     8.8826541e-11
    16620.00     8.8823131e-11
    16630.00     8.8804232e-11
    16640.00     8.8771442e-11
    16650.00     8.8726398e-11
    16660.00     8.8670752e-11
    16670.00     8.8606147e-11
    16680.00     8.8534195e-11
    16690.00     8.8456455e-11
    16700.00     8.8374414e-11
    16710.00     8.8289467e-11
    16720.00     8.8202904e-11
    16730.00     8.8115896e-11
    16740.00     8.8029482e-11
    16750.00     8.7944562e-11
    16760.00     8.7861889e-11
    16770.00     8.7782067e-11
    16780.00     8.7705546e-11
    16790.00     8.7632623e-11
    16800.00     8.7563444e-11
    16810.00     8.7498006e-11
    16820.00     8.7436164e-11
    16830.00     8.7377639e-11
    16840.00     8.7322023e-11
    16850.00     8.7268793e-11
    16860.00     8.7217320e-11
    16870.00     8.7166883e-11
    16880.00     8.7116685e-11
    16890.00     8.7065867e-11
    16900.00     8.7013524e-11
    16910.00     8.6958725e-11
    16920.00     8.6900529e-11
    16930.00     8.6838008e-11
    16940.00     8.6770260e-11
    16950.00     8.6696433e-11
    16960.00     8.6615743e-11
    16970.00     8.6527488e-11
    16980.00     8.6431070e-11
    16990.00     8.6326005e-11
    17000.00     8.6211941e-11
    17010.00     8.6088665e-11
    17020.00     8.5956113e-11
    17030.00     8.5814377e-11
    17040.00     8.5663705e-11
    17050.00     8.5504503e-11
    17060.00     8.5337332e-11
    17070.00     8.5162898e-11
    17080.00     8.4982048e-11
    17090.00     8.4795751e-11
    17100.00     8.4605090e-11
    17110.00     8.4411238e-11
    17120.00     8.4215443e-11
    17130.00     8.4019007e-11
    17140.00     8.3823257e-11
    17150.00     8.3629534e-11
    17160.00     8.3439154e-11
    17170.00     8.3253398e-11
    17180.00     8.3073481e-11
    17190.00     8.2900531e-11
    17200.00     8.2735570e-11
    17210.00     8.2579496e-11
    17220.00     8.2433064e-11
    17230.00     8.2296873e-11
    17240.00     8.2171356e-11
    17250.00     8.2056773e-11
    17260.00     8.1953204e-11
    17270.00     8.1860554e-11
    17280.00     8.1778551e-11
    17290.00     8.1706756e-11
    17300.00     8.1644573e-11
    17310.00     8.1591263e-11
    17320.00     8.1545961e-11
    17330.00     8.1507698e-11
    17340.00     8.1475417e-11
    17350.00     8.1448003e-11
    17360.00     8.1424306e-11
    17370.00     8.1403166e-11
    17380.00     8.1383436e-11
    17390.00     8.1364009e-11
    17400.00     8.1343840e-11
    17410.00     8.1321963e-11
    17420.00     8.1297514e-11
    17430.00     8.1269742e-11
    17440.00     8.1238019e-11
    17450.00     8.1201850e-11
    17460.00     8.1160871e-11
    17470.00     8.1114857e-11
    17480.00     8.1063708e-11
    17490.00     8.1007447e-11
    17500.00     8.0946209e-11
    17510.00     8.0880224e-11
    17520.00     8.0809805e-11
    17530.00     8.0735334e-11
    17540.00     8.0657237e-11
    17550.00     8.0575974e-11
    17560.00     8.0492019e-11
    17570.00     8.0405845e-11
    17580.00     8.0317908e-11
    17590.00     8.0228639e-11
    17600.00     8.0138426e-11
    17610.00     8.0047617e-11
    17620.00     7.9956504e-11
    17630.00     7.9865324e-11
    17640.00     7.9774259e-11
    17650.00     7.9683438e-11
    17660.00     7.9592934e-11
    17670.00     7.9502778e-11
    17680.00     7.9412957e-11
    17690.00     7.9323423e-11
    17700.00     7.9234103e-11
    17710.00     7.9144900e-11
    17720.00     7.9055711e-11
    17730.00     7.8966425e-11
    17740.00     7.8876934e-11
    17750.00     7.8787137e-11
    17760.00     7.8696947e-11
    17770.00     7.8606296e-11
    17780.00     7.8515136e-11
    17790.00     7.8423443e-11
    17800.00     7.8331215e-11
    17810.00     7.8238478e-11
    17820.00     7.8145280e-11
    17830.00     7.8051692e-11
    17840.00     7.7957808e-11
    17850.00     7.7863734e-11
    17860.00     7.7769598e-11
    17870.00     7.7675534e-11
    17880.00     7.7581686e-11
    17890.00     7.7488199e-11
    17900.00     7.7395222e-11
    17910.00     7.7302898e-11
    17920.00     7.7211363e-11
    17930.00     7.7120743e-11
    17940.00     7.7031151e-11
    17950.00     7.6942686e-11
    17960.00     7.6855427e-11
    17970.00     7.6769436e-11
    17980.00     7.6684755e-11
    17990.00     7.6601407e-11
    18000.00     7.6519391e-11
    18010.00     7.6438691e-11
    18020.00     7.6359268e-11
    18030.00     7.6281064e-11
    18040.00     7.6204009e-11
    18050.00     7.6128014e-11
    18060.00     7.6052979e-11
    18070.00     7.5978791e-11
    18080.00     7.5905330e-11
    18090.00     7.5832469e-11
    18100.00     7.5760075e-11
    18110.00     7.5688016e-11
    18120.00     7.5616158e-11
    18130.00     7.5544366e-11
    18140.00     7.5472514e-11
    18150.00     7.5400476e-11
    18160.00     7.5328134e-11
    18170.00     7.5255378e-11
    18180.00     7.5182104e-11
    18190.00     7.5108217e-11
    18200.00     7.5033633e-11
    18210.00     7.4958273e-11
    18220.00     7.4882069e-11
    18230.00     7.4804961e-11
    18240.00     7.4726896e-11
    18250.00     7.4647828e-11
    18260.00     7.4567717e-11
    18270.00     7.4486530e-11
    18280.00     7.4404235e-11
    18290.00     7.4320806e-11
    18300.00     7.4236220e-11
    18310.00     7.4150453e-11
    18320.00     7.4063482e-11
    18330.00     7.3975286e-11
    18340.00     7.3885839e-11
    18350.00     7.3795117e-11
    18360.00     7.3703089e-11
    18370.00     7.3609724e-11
    18380.00     7.3514985e-11
    18390.00     7.3418833e-11
    18400.00     7.3321221e-11
    18410.00     7.3222099e-11
    18420.00     7.3121413e-11
    18430.00     7.3019103e-11
    18440.00     7.2915104e-11
    18450.00     7.2809349e-11
    18460.00     7.2701766e-11
    18470.00     7.2592282e-11
    18480.00     7.2480821e-11
    18490.00     7.2367311e-11
    18500.00     7.2251676e-11
    18510.00     7.2133850e-11
    18520.00     7.2013770e-11
    18530.00     7.1891378e-11
    18540.00     7.1766630e-11
    18550.00     7.1639490e-11
    18560.00     7.1509937e-11
    18570.00     7.1377967e-11
    18580.00     7.1243590e-11
    18590.00     7.1106833e-11
    18600.00     7.0967743e-11
    18610.00     7.0826385e-11
    18620.00     7.0682840e-11
    18630.00     7.0537207e-11
    18640.00     7.0389599e-11
    18650.00     7.0240140e-11
    18660.00     7.0088965e-11
    18670.00     6.9936214e-11
    18680.00     6.9782030e-11
    18690.00     6.9626554e-11
    18700.00     6.9469918e-11
    18710.00     6.9312250e-11
    18720.00     6.9153658e-11
    18730.00     6.8994234e-11
    18740.00     6.8834050e-11
    18750.00     6.8673152e-11
    18760.00     6.8511562e-11
    18770.00     6.8349273e-11
    18780.00     6.8186252e-11
    18790.00     6.8022436e-11
    18800.00     6.7857738e-11
    18810.00     6.7692048e-11
    18820.00     6.7525231e-11
    18830.00     6.7357136e-11
    18840.00     6.7187599e-11
    18850.00     6.7016444e-11
    18860.00     6.6843492e-11
    18870.00     6.6668561e-11
    18880.00     6.6491476e-11
    18890.00     6.6312070e-11
    18900.00     6.6130190e-11
    18910.00     6.5945699e-11
    18920.00     6.5758483e-11
    18930.00     6.5568451e-11
    18940.00     6.5375540e-11
    18950.00     6.5179714e-11
    18960.00     6.4980968e-11
    18970.00     6.4779328e-11
    18980.00     6.4574851e-11
    18990.00     6.4367624e-11
    19000.00     6.4157764e-11
    19010.00     6.3945418e-11
    19020.00     6.3730759e-11
    19030.00     6.3513984e-11
    19040.00     6.3295316e-11
    19050.00     6.3074995e-11
    19060.00     6.2853284e-11
    19070.00     6.2630459e-11
    19080.00     6.2406809e-11
    19090.00     6.2182635e-11
    19100.00     6.1958246e-11
    19110.00     6.1733958e-11
    19120.00     6.1510089e-11
    19130.00     6.1286958e-11
    19140.00     6.1064886e-11
    19150.00     6.0844189e-11
    19160.00     6.0625176e-11
    19170.00     6.0408152e-11
    19180.00     6.0193412e-11
    19190.00     5.9981239e-11
    19200.00     5.9771902e-11
    19210.00     5.9565659e-11
    19220.00     5.9362747e-11
    19230.00     5.9163387e-11
    19240.00     5.8967777e-11
    19250.00     5.8776097e-11
    19260.00     5.8588498e-11
    19270.00     5.8405110e-11
    19280.00     5.8226033e-11
    19290.00     5.8051341e-11
    19300.00     5.7881078e-11
    19310.00     5.7715260e-11
    19320.00     5.7553873e-11
    19330.00     5.7396870e-11
    19340.00     5.7244181e-11
    19350.00     5.7095703e-11
    19360.00     5.6951309e-11
    19370.00     5.6810848e-11
    19380.00     5.6674144e-11
    19390.00     5.6541007e-11
    19400.00     5.6411228e-11
    19410.00     5.6284585e-11
    19420.00     5.6160851e-11
    19430.00     5.6039795e-11
    19440.00     5.5921183e-11
    19450.00     5.5804789e-11
    19460.00     5.5690396e-11
    19470.00     5.5577795e-11
    19480.00     5.5466799e-11
    19490.00     5.5357234e-11
    19500.00     5.5248953e-11
    19510.00     5.5141829e-11
    19520.00     5.5035759e-11
    19530.00     5.4930668e-11
    19540.00     5.4826504e-11
    19550.00     5.4723238e-11
    19560.00     5.4620864e-11
    19570.00     5.4519399e-11
    19580.00     5.4418871e-11
    19590.00     5.4319327e-11
    19600.00     5.4220822e-11
    19610.00     5.4123417e-11
    19620.00     5.4027176e-11
    19630.00     5.3932159e-11
    19640.00     5.3838424e-11
    19650.00     5.3746014e-11
    19660.00     5.3654962e-11
    19670.00     5.3565286e-11
    19680.00     5.3476982e-11
    19690.00     5.3390026e-11
    19700.00     5.3304375e-11
    19710.00     5.3219961e-11
    19720.00     5.3136695e-11
    19730.00     5.3054466e-11
    19740.00     5.2973142e-11
    19750.00     5.2892573e-11
    19760.00     5.2812593e-11
    19770.00     5.2733024e-11
    19780.00     5.2653674e-11
    19790.00     5.2574349e-11
    19800.00     5.2494845e-11
    19810.00     5.2414965e-11
    19820.00     5.2334509e-11
    19830.00     5.2253287e-11
    19840.00     5.2171116e-11
    19850.00     5.2087828e-11
    19860.00     5.2003265e-11
    19870.00     5.1917290e-11
    19880.00     5.1829779e-11
    19890.00     5.1740629e-11
    19900.00     5.1649757e-11
    19910.00     5.1557097e-11
    19920.00     5.1462603e-11
    19930.00     5.1366246e-11
    19940.00     5.1268016e-11
    19950.00     5.1167918e-11
    19960.00     5.1065969e-11
    19970.00     5.0962202e-11
    19980.00     5.0856656e-11
    19990.00     5.0749383e-11
    20000.00     5.0640438e-11
    20010.00     5.0529883e-11
    20020.00     5.0417781e-11
    20030.00     5.0304201e-11
    20040.00     5.0189210e-11
    20050.00     5.0072874e-11
    20060.00     4.9955261e-11
    20070.00     4.9836437e-11
    20080.00     4.9716469e-11
    20090.00     4.9595422e-11
    20100.00     4.9473362e-11
    20110.00     4.9350357e-11
    20120.00     4.9226479e-11
    20130.00     4.9101801e-11
    20140.00     4.8976404e-11
    20150.00     4.8850373e-11
    20160.00     4.8723802e-11
    20170.00     4.8596793e-11
    20180.00     4.8469457e-11
    20190.00     4.8341915e-11
    20200.00     4.8214298e-11
    20210.00     4.8086747e-11
    20220.00     4.7959412e-11
    20230.00     4.7832451e-11
    20240.00     4.7706031e-11
    20250.00     4.7580323e-11
    20260.00     4.7455505e-11
    20270.00     4.7331754e-11
    20280.00     4.7209250e-11
    20290.00     4.7088170e-11
    20300.00     4.6968686e-11
    20310.00     4.6850969e-11
    20320.00     4.6735175e-11
    20330.00     4.6621458e-11
    20340.00     4.6509957e-11
    20350.00     4.6400800e-11
    20360.00     4.6294107e-11
    20370.00     4.6189980e-11
    20380.00     4.6088514e-11
    20390.00     4.5989790e-11
    20400.00     4.5893880e-11
    20410.00     4.5800847e-11
    20420.00     4.5710747e-11
    20430.00     4.5623631e-11
    20440.00     4.5539544e-11
    20450.00     4.5458531e-11
    20460.00     4.5380639e-11
    20470.00     4.5305913e-11
    20480.00     4.5234405e-11
    20490.00     4.5166170e-11
    20500.00     4.5101268e-11
    20510.00     4.5039768e-11
    20520.00     4.4981743e-11
    20530.00     4.4927273e-11
    20540.00     4.4876441e-11
    20550.00     4.4829337e-11
    20560.00     4.4786051e-11
    20570.00     4.4746675e-11
    20580.00     4.4711298e-11
    20590.00     4.4680001e-11
    20600.00     4.4652861e-11
    20610.00     4.4629943e-11
    20620.00     4.4611298e-11
    20630.00     4.4596958e-11
    20640.00     4.4586938e-11
    20650.00     4.4581227e-11
    20660.00     4.4579793e-11
    20670.00     4.4582571e-11
    20680.00     4.4589473e-11
    20690.00     4.4600375e-11
    20700.00     4.4615124e-11
    20710.00     4.4633534e-11
    20720.00     4.4655388e-11
    20730.00     4.4680437e-11
    20740.00     4.4708402e-11
    20750.00     4.4738972e-11
    20760.00     4.4771810e-11
    20770.00     4.4806556e-11
    20780.00     4.4842823e-11
    20790.00     4.4880205e-11
    20800.00     4.4918281e-11
    20810.00     4.4956612e-11
    20820.00     4.4994753e-11
    20830.00     4.5032246e-11
    20840.00     4.5068634e-11
    20850.00     4.5103458e-11
    20860.00     4.5136261e-11
    20870.00     4.5166595e-11
    20880.00     4.5194021e-11
    20890.00     4.5218113e-11
    20900.00     4.5238464e-11
    20910.00     4.5254685e-11
    20920.00     4.5266413e-11
    20930.00     4.5273307e-11
    20940.00     4.5275058e-11
    20950.00     4.5271388e-11
    20960.00     4.5262050e-11
    20970.00     4.5246835e-11
    20980.00     4.5225571e-11
    20990.00     4.5198123e-11
    21000.00     4.5164398e-11
    21010.00     4.5124342e-11
    21020.00     4.5077944e-11
    21030.00     4.5025233e-11
    21040.00     4.4966279e-11
    21050.00     4.4901194e-11
    21060.00     4.4830126e-11
    21070.00     4.4753264e-11
    21080.00     4.4670833e-11
    21090.00     4.4583089e-11
    21100.00     4.4490321e-11
    21110.00     4.4392844e-11
    21120.00     4.4291000e-11
    21130.00     4.4185148e-11
    21140.00     4.4075668e-11
    21150.00     4.3962947e-11
    21160.00     4.3847384e-11
    21170.00     4.3729379e-11
    21180.00     4.3609331e-11
    21190.00     4.3487634e-11
    21200.00     4.3364669e-11
    21210.00     4.3240803e-11
    21220.00     4.3116385e-11
    21230.00     4.2991740e-11
    21240.00     4.2867167e-11
    21250.00     4.2742934e-11
    21260.00     4.2619277e-11
    21270.00     4.2496400e-11
    21280.00     4.2374469e-11
    21290.00     4.2253615e-11
    21300.00     4.2133930e-11
    21310.00     4.2015471e-11
    21320.00     4.1898255e-11
    21330.00     4.1782268e-11
    21340.00     4.1667461e-11
    21350.00     4.1553755e-11
    21360.00     4.1441043e-11
    21370.00     4.1329192e-11
    21380.00     4.1218047e-11
    21390.00     4.1107437e-11
    21400.00     4.0997176e-11
    21410.00     4.0887069e-11
    21420.00     4.0776912e-11
    21430.00     4.0666504e-11
    21440.00     4.0555643e-11
    21450.00     4.0444134e-11
    21460.00     4.0331792e-11
    21470.00     4.0218442e-11
    21480.00     4.0103928e-11
    21490.00     3.9988111e-11
    21500.00     3.9870874e-11
    21510.00     3.9752118e-11
    21520.00     3.9631773e-11
    21530.00     3.9509790e-11
    21540.00     3.9386148e-11
    21550.00     3.9260846e-11
    21560.00     3.9133912e-11
    21570.00     3.9005393e-11
    21580.00     3.8875361e-11
    21590.00     3.8743907e-11
    21600.00     3.8611140e-11
    21610.00     3.8477187e-11
    21620.00     3.8342186e-11
    21630.00     3.8206290e-11
    21640.00     3.8069657e-11
    21650.00     3.7932455e-11
    21660.00     3.7794855e-11
    21670.00     3.7657030e-11
    21680.00     3.7519152e-11
    21690.00     3.7381392e-11
    21700.00     3.7243914e-11
    21710.00     3.7106879e-11
    21720.00     3.6970439e-11
    21730.00     3.6834738e-11
    21740.00     3.6699909e-11
    21750.00     3.6566075e-11
    21760.00     3.6433348e-11
    21770.00     3.6301827e-11
    21780.00     3.6171598e-11
    21790.00     3.6042736e-11
    21800.00     3.5915302e-11
    21810.00     3.5789341e-11
    21820.00     3.5664890e-11
    21830.00     3.5541966e-11
    21840.00     3.5420579e-11
    21850.00     3.5300719e-11
    21860.00     3.5182366e-11
    21870.00     3.5065487e-11
    21880.00     3.4950033e-11
    21890.00     3.4835944e-11
    21900.00     3.4723147e-11
    21910.00     3.4611556e-11
    21920.00     3.4501073e-11
    21930.00     3.4391590e-11
    21940.00     3.4282988e-11
    21950.00     3.4175139e-11
    21960.00     3.4067908e-11
    21970.00     3.3961151e-11
    21980.00     3.3854721e-11
    21990.00     3.3748467e-11
    22000.00     3.3642236e-11
    22010.00     3.3535875e-11
    22020.00     3.3429231e-11
    22030.00     3.3322158e-11
    22040.00     3.3214513e-11
    22050.00     3.3106161e-11
    22060.00     3.2996975e-11
    22070.00     3.2886840e-11
    22080.00     3.2775651e-11
    22090.00     3.2663317e-11
    22100.00     3.2549760e-11
    22110.00     3.2434916e-11
    22120.00     3.2318738e-11
    22130.00     3.2201190e-11
    22140.00     3.2082255e-11
    22150.00     3.1961927e-11
    22160.00     3.1840215e-11
    22170.00     3.1717143e-11
    22180.00     3.1592743e-11
    22190.00     3.1467060e-11
    22200.00     3.1340149e-11
    22210.00     3.1212073e-11
    22220.00     3.1082902e-11
    22230.00     3.0952713e-11
    22240.00     3.0821584e-11
    22250.00     3.0689601e-11
    22260.00     3.0556850e-11
    22270.00     3.0423420e-11
    22280.00     3.0289399e-11
    22290.00     3.0154877e-11
    22300.00     3.0019945e-11
    22310.00     2.9884692e-11
    22320.00     2.9749209e-11
    22330.00     2.9613585e-11
    22340.00     2.9477911e-11
    22350.00     2.9342277e-11
    22360.00     2.9206776e-11
    22370.00     2.9071500e-11
    22380.00     2.8936546e-11
    22390.00     2.8802009e-11
    22400.00     2.8667990e-11
    22410.00     2.8534590e-11
    22420.00     2.8401913e-11
    22430.00     2.8270066e-11
    22440.00     2.8139157e-11
    22450.00     2.8009296e-11
    22460.00     2.7880593e-11
    22470.00     2.7753158e-11
    22480.00     2.7627100e-11
    22490.00     2.7502526e-11
    22500.00     2.7379538e-11
    22510.00     2.7258234e-11
    22520.00     2.7138708e-11
    22530.00     2.7021042e-11
    22540.00     2.6905313e-11
    22550.00     2.6791586e-11
    22560.00     2.6679918e-11
    22570.00     2.6570350e-11
    22580.00     2.6462915e-11
    22590.00     2.6357630e-11
    22600.00     2.6254501e-11
    22610.00     2.6153522e-11
    22620.00     2.6054674e-11
    22630.00     2.5957927e-11
    22640.00     2.5863240e-11
    22650.00     2.5770563e-11
    22660.00     2.5679839e-11
    22670.00     2.5591005e-11
    22680.00     2.5503993e-11
    22690.00     2.5418732e-11
    22700.00     2.5335153e-11
    22710.00     2.5253186e-11
    22720.00     2.5172764e-11
    22730.00     2.5093827e-11
    22740.00     2.5016319e-11
    22750.00     2.4940193e-11
    22760.00     2.4865412e-11
    22770.00     2.4791948e-11
    22780.00     2.4719782e-11
    22790.00     2.4648908e-11
    22800.00     2.4579332e-11
    22810.00     2.4511068e-11
    22820.00     2.4444144e-11
    22830.00     2.4378594e-11
    22840.00     2.4314466e-11
    22850.00     2.4251811e-11
    22860.00     2.4190692e-11
    22870.00     2.4131176e-11
    22880.00     2.4073334e-11
    22890.00     2.4017242e-11
    22900.00     2.3962979e-11
    22910.00     2.3910625e-11
    22920.00     2.3860260e-11
    22930.00     2.3811965e-11
    22940.00     2.3765820e-11
    22950.00     2.3721904e-11
    22960.00     2.3680294e-11
    22970.00     2.3641064e-11
    22980.00     2.3604289e-11
    22990.00     2.3570040e-11
    23000.00     2.3538387e-11
    23010.00     2.3509398e-11
    23020.00     2.3483141e-11
    23030.00     2.3459682e-11
    23040.00     2.3439087e-11
    23050.00     2.3421422e-11
    23060.00     2.3406750e-11
    23070.00     2.3395135e-11
    23080.00     2.3386640e-11
    23090.00     2.3381327e-11
    23100.00     2.3379254e-11
    23110.00     2.3380478e-11
    23120.00     2.3385050e-11
    23130.00     2.3393017e-11
    23140.00     2.3404419e-11
    23150.00     2.3419285e-11
    23160.00     2.3437636e-11
    23170.00     2.3459480e-11
    23180.00     2.3484809e-11
    23190.00     2.3513597e-11
    23200.00     2.3545804e-11
    23210.00     2.3581361e-11
    23220.00     2.3620184e-11
    23230.00     2.3662160e-11
    23240.00     2.3707150e-11
    23250.00     2.3754987e-11
    23260.00     2.3805480e-11
    23270.00     2.3858406e-11
    23280.00     2.3913514e-11
    23290.00     2.3970528e-11
    23300.00     2.4029141e-11
    23310.00     2.4089027e-11
    23320.00     2.4149833e-11
    23330.00     2.4211187e-11
    23340.00     2.4272702e-11
    23350.00     2.4333977e-11
    23360.00     2.4394601e-11
    23370.00     2.4454163e-11
    23380.00     2.4512250e-11
    23390.00     2.4568458e-11
    23400.00     2.4622399e-11
    23410.00     2.4673704e-11
    23420.00     2.4722034e-11
    23430.00     2.4767086e-11
    23440.00     2.4808603e-11
    23450.00     2.4846379e-11
    23460.00     2.4880272e-11
    23470.00     2.4910208e-11
    23480.00     2.4936191e-11
    23490.00     2.4958308e-11
    23500.00     2.4976734e-11
    23510.00     2.4991740e-11
    23520.00     2.5003686e-11
    23530.00     2.5013030e-11
    23540.00     2.5020317e-11
    23550.00     2.5026179e-11
    23560.00     2.5031321e-11
    23570.00     2.5036511e-11
    23580.00     2.5042564e-11
    23590.00     2.5050325e-11
    23600.00     2.5060648e-11
    23610.00     2.5074377e-11
    23620.00     2.5092319e-11
    23630.00     2.5115226e-11
    23640.00     2.5143769e-11
    23650.00     2.5178522e-11
    23660.00     2.5219942e-11
    23670.00     2.5268356e-11
    23680.00     2.5323954e-11
    23690.00     2.5386783e-11
    23700.00     2.5456749e-11
    23710.00     2.5533629e-11
    23720.00     2.5617081e-11
    23730.00     2.5706666e-11
    23740.00     2.5801871e-11
    23750.00     2.5902140e-11
    23760.00     2.6006908e-11
    23770.00     2.6115627e-11
    23780.00     2.6227808e-11
    23790.00     2.6343049e-11
    23800.00     2.6461062e-11
    23810.00     2.6581698e-11
    23820.00     2.6704965e-11
    23830.00     2.6831539e-11
    23840.00     2.6961510e-11
    23850.00     2.7095138e-11
    23860.00     2.7233051e-11
    23870.00     2.7375995e-11
    23880.00     2.7524789e-11
    23890.00     2.7680292e-11
    23900.00     2.7843354e-11
    23910.00     2.8014766e-11
    23920.00     2.8195218e-11
    23930.00     2.8385248e-11
    23940.00     2.8585202e-11
    23950.00     2.8795199e-11
    23960.00     2.9015102e-11
    23970.00     2.9244510e-11
    23980.00     2.9482742e-11
    23990.00     2.9728854e-11
    24000.00     2.9981649e-11
    24010.00     3.0239714e-11
    24020.00     3.0501452e-11
    24030.00     3.0765133e-11
    24040.00     3.1028945e-11
    24050.00     3.1291046e-11
    24060.00     3.1549623e-11
    24070.00     3.1802943e-11
    24080.00     3.2049402e-11
    24090.00     3.2287569e-11
    24100.00     3.2516216e-11
    24110.00     3.2734346e-11
    24120.00     3.2941209e-11
    24130.00     3.3136300e-11
    24140.00     3.3319363e-11
    24150.00     3.3490373e-11
    24160.00     3.3649515e-11
    24170.00     3.3797159e-11
    24180.00     3.3933829e-11
    24190.00     3.4060172e-11
    24200.00     3.4176918e-11
    24210.00     3.4284856e-11
    24220.00     3.4384797e-11
    24230.00     3.4477547e-11
    24240.00     3.4563887e-11
    24250.00     3.4644553e-11
    24260.00     3.4720219e-11
    24270.00     3.4791492e-11
    24280.00     3.4858906e-11
    24290.00     3.4922920e-11
    24300.00     3.4983922e-11
    24310.00     3.5042236e-11
    24320.00     3.5098125e-11
    24330.00     3.5151804e-11
    24340.00     3.5203450e-11
    24350.00     3.5253207e-11
    24360.00     3.5301199e-11
    24370.00     3.5347537e-11
    24380.00     3.5392325e-11
    24390.00     3.5435665e-11
    24400.00     3.5477663e-11
    24410.00     3.5518427e-11
    24420.00     3.5558072e-11
    24430.00     3.5596717e-11
    24440.00     3.5634486e-11
    24450.00     3.5671500e-11
    24460.00     3.5707881e-11
    24470.00     3.5743744e-11
    24480.00     3.5779195e-11
    24490.00     3.5814327e-11
    24500.00     3.5849222e-11
    24510.00     3.5883945e-11
    24520.00     3.5918539e-11
    24530.00     3.5953037e-11
    24540.00     3.5987448e-11
    24550.00     3.6021768e-11
    24560.00     3.6055980e-11
    24570.00     3.6090054e-11
    24580.00     3.6123952e-11
    24590.00     3.6157630e-11
    24600.00     3.6191047e-11
    24610.00     3.6224161e-11
    24620.00     3.6256938e-11
    24630.00     3.6289355e-11
    24640.00     3.6321400e-11
    24650.00     3.6353079e-11
    24660.00     3.6384411e-11
    24670.00     3.6415439e-11
    24680.00     3.6446220e-11
    24690.00     3.6476831e-11
    24700.00     3.6507365e-11
    24710.00     3.6537926e-11
    24720.00     3.6568633e-11
    24730.00     3.6599606e-11
    24740.00     3.6630967e-11
    24750.00     3.6662834e-11
    24760.00     3.6695311e-11
    24770.00     3.6728483e-11
    24780.00     3.6762409e-11
    24790.00     3.6797117e-11
    24800.00     3.6832594e-11
    24810.00     3.6868789e-11
    24820.00     3.6905604e-11
    24830.00     3.6942900e-11
    24840.00     3.6980495e-11
    24850.00     3.7018174e-11
    24860.00     3.7055700e-11
    24870.00     3.7092817e-11
    24880.00     3.7129271e-11
    24890.00     3.7164814e-11
    24900.00     3.7199219e-11
    24910.00     3.7232290e-11
    24920.00     3.7263865e-11
    24930.00     3.7293820e-11
    24940.00     3.7322073e-11
    24950.00     3.7348579e-11
    24960.00     3.7373330e-11
    24970.00     3.7396345e-11
    24980.00     3.7417670e-11
    24990.00     3.7437372e-11
    25000.00     3.7455528e-11

