1700.4548 1.358713e-16
1701.9991 9.9101497e-17
1703.5435 1.1622117e-16
1705.0878 1.7278865e-16
1706.6322 1.5512976e-16
1708.1766 1.8175614e-16
1709.7209 1.6261217e-16
1711.2653 1.7271758e-16
1712.8097 1.7232216e-16
1714.3541 1.9530025e-16
1715.8986 1.6785115e-16
1717.443  1.8207799e-16
1718.9874 1.6502752e-16
1720.5319 1.713318e-16
1722.0763 1.288207e-16
1723.6208 9.173444e-17
1725.1652 1.4306911e-16
1726.7097 1.5250589e-16
1728.2542 1.5345661e-16
1729.7987 1.1259567e-16
1731.3432 1.5194638e-16
1732.8877 1.4052445e-16
1734.4323 1.4398568e-16
1735.9768 1.1854757e-16
1739.0659 1.141522e-16
1740.6104 1.0505952e-16
1749.878  1.0016166e-16
1752.9673 1.2425527e-16
1754.5119 1.2436214e-16
1771.5036 1.2650914e-16
1773.0483 1.3417919e-16
1774.5931 1.6333127e-16
1776.1379 2.1750503e-16
1777.6826 2.4935042e-16
1779.2274 2.559935e-16
1780.7722 2.5174789e-16
1782.317  2.7416275e-16
1783.8619 2.8841818e-16
1785.4067 2.6710902e-16
1786.9515 2.9415712e-16
1788.4964 2.9616855e-16
1790.0412 3.1653176e-16
1791.5861 3.0727106e-16
1793.1309 3.3539369e-16
1794.6758 3.4958918e-16
1796.2207 4.0487558e-16
1797.7656 4.1047749e-16
1799.3105 4.4025216e-16
1800.8554 4.5229653e-16
1802.4004 4.5150335e-16
1803.9453 4.6099644e-16
1805.4902 4.7271951e-16
1807.0352 4.7346569e-16
1808.5802 4.5898185e-16
1810.1251 4.6327317e-16
1811.6701 4.5409739e-16
1813.2151 4.5716194e-16
1814.7601 4.3718185e-16
1816.3051 4.6016338e-16
1817.8501 4.5931802e-16
1819.3951 4.6318007e-16
1820.9402 4.8196996e-16
1822.4852 4.8235001e-16
1824.0303 4.7299049e-16
1825.5753 4.7385445e-16
1827.1204 4.6091279e-16
1828.6655 4.6230702e-16
1830.2106 4.5744012e-16
1831.7557 4.5572382e-16
1833.3008 4.6998434e-16
1834.8459 4.6294976e-16
1836.391  4.5832483e-16
1837.9362 4.75665e-16
1839.4813 4.7324263e-16
1841.0265 4.6853219e-16
1842.5716 4.5471444e-16
1844.1168 4.5501995e-16
1845.662  4.7062351e-16
1847.2072 4.8017491e-16
1848.7524 4.5770756e-16
1850.2976 4.6729819e-16
1851.8428 4.5967814e-16
1853.388  4.432868e-16
1854.9332 4.5511855e-16
1856.4785 4.6156168e-16
1858.0237 5.1598014e-16
1859.569  5.1496452e-16
1861.1143 5.345036e-16
1862.6596 5.3297031e-16
1864.2049 5.6659017e-16
1865.7502 6.0289551e-16
1867.2955 6.1824089e-16
1868.8408 6.477275e-16
1870.3861 6.7758819e-16
1871.9314 7.0500787e-16
1873.4768 7.0285408e-16
1875.0221 7.2915197e-16
1876.5675 7.4368307e-16
1878.1129 7.5891617e-16
1879.6583 7.9283522e-16
1881.2036 8.0200081e-16
1882.749  8.3880146e-16
1884.2945 8.3247295e-16
1885.8399 8.3236193e-16
1887.3853 8.4105935e-16
1888.9307 8.5680194e-16
1890.4762 8.7794117e-16
1892.0216 8.5591622e-16
1893.5671 8.8340396e-16
1895.1126 8.6677507e-16
1896.658  8.733226e-16
1898.2035 8.4718904e-16
1899.749  8.5168655e-16
1901.2945 8.3843759e-16
1902.8401 8.390833e-16
1904.3856 7.901482e-16
1905.9311 7.575317e-16
1907.4767 7.5389642e-16
1909.0222 7.2746012e-16
1910.5678 7.0973232e-16
1912.1134 6.9440489e-16
1913.6589 6.7440032e-16
1915.2045 6.7626521e-16
1916.7501 6.611255e-16
1918.2957 6.2134279e-16
1919.8414 6.4020318e-16
1921.387  6.3599485e-16
1922.9326 6.2817222e-16
1924.4783 6.0494048e-16
1926.0239 6.0911684e-16
1927.5696 6.0204255e-16
1929.1153 5.8686616e-16
1930.6609 5.6104381e-16
1932.2066 5.612753e-16
1933.7523 5.6863702e-16
1935.298  5.7389872e-16
1936.8438 5.6027091e-16
1938.3895 5.6113077e-16
1939.9352 5.7820807e-16
1941.481  5.7901054e-16
1943.0267 5.5600654e-16
1944.5725 5.6053047e-16
1946.1183 5.9583674e-16
1947.6641 6.2659924e-16
1949.2098 6.297198e-16
1950.7556 6.3565652e-16
1952.3015 6.6196925e-16
1953.8473 6.6223969e-16
1955.3931 6.5627725e-16
1956.9389 6.7345411e-16
1958.4848 6.919246e-16
1960.0306 7.2900742e-16
1961.5765 7.3448174e-16
1963.1224 7.2675248e-16
1964.6683 7.367213e-16
1966.2142 7.3762406e-16
1967.7601 7.3089925e-16
1969.306  7.5704243e-16
1970.8519 7.8483084e-16
1972.3978 7.8777636e-16
1973.9437 8.2213721e-16
1975.4897 8.4068445e-16
1977.0357 8.4516752e-16
1978.5816 8.9077903e-16
1980.1276 9.2134597e-16
1981.6736 9.5259118e-16
1983.2196 1.0085803e-15
1984.7656 1.0431728e-15
1986.3116 1.0771404e-15
1987.8576 1.0960755e-15
1989.4036 1.1150635e-15
1990.9497 1.1433e-15
1992.4957 1.1833393e-15
1994.0418 1.1806729e-15
1995.5878 1.2018959e-15
1997.1339 1.2183415e-15
1998.68   1.1993473e-15
2000.2261 1.2227693e-15
2001.7722 1.2139834e-15
2003.3183 1.2331874e-15
2004.8644 1.2500694e-15
2006.4105 1.2383416e-15
2007.9567 1.2448405e-15
2009.5028 1.2551916e-15
2011.049  1.2491389e-15
2012.5952 1.251122e-15
2014.1413 1.2691543e-15
2015.6875 1.2566237e-15
2017.2337 1.2438249e-15
2018.7799 1.2534869e-15
2020.3261 1.238793e-15
2021.8723 1.2516703e-15
2023.4186 1.2308263e-15
2024.9648 1.2043065e-15
2026.5111 1.1980416e-15
2028.0573 1.1979109e-15
2029.6036 1.1673147e-15
2031.1499 1.1386233e-15
2032.6961 1.1324436e-15
2034.2424 1.1054032e-15
2035.7887 1.1006651e-15
2037.335  1.0696008e-15
2038.8814 1.0589955e-15
2040.4277 1.0589053e-15
2041.974  1.0413006e-15
2043.5204 1.0116547e-15
2045.0667 1.0270105e-15
2046.6131 1.0331332e-15
2048.1595 1.0354915e-15
2049.7059 1.0265333e-15
2051.2523 9.995458e-16
2052.7987 9.7904591e-16
2054.3451 9.6182927e-16
2055.8915 9.5426198e-16
2057.4379 9.505831e-16
2058.9844 9.2778887e-16
2060.5308 9.0413621e-16
2062.0773 8.7035388e-16
2063.6237 8.343219e-16
2065.1702 7.9760342e-16
2066.7167 7.6627662e-16
2068.2632 7.6359861e-16
2069.8097 7.3261083e-16
2071.3562 7.0250385e-16
2072.9027 6.761677e-16
2074.4493 6.6477075e-16
2075.9958 6.5043049e-16
2077.5424 6.4145861e-16
2079.0889 6.3839446e-16
2080.6355 6.3878243e-16
2082.1821 6.4064099e-16
2083.7286 6.2565094e-16
2085.2752 6.358719e-16
2086.8218 6.3703473e-16
2088.3685 6.2722871e-16
2089.9151 6.2262598e-16
2091.4617 6.0088931e-16
2093.0084 6.0115779e-16
2094.555 5.9098266e-16
2096.1017 5.8948727e-16
2097.6483 5.7466502e-16
2099.195 5.619329e-16
2100.7417 5.4956927e-16
2102.2884 5.3837974e-16
2103.8351 5.3452192e-16
2105.3818 5.1981921e-16
2106.9285 5.2643927e-16
2108.4753 5.1936661e-16
2110.022 5.1578287e-16
2111.5688 5.0359819e-16
2113.1155 5.1527746e-16
2114.6623 5.123481e-16
2116.2091 5.1645974e-16
2117.7559 5.1350667e-16
2119.3026 5.1760837e-16
2120.8495 5.276364e-16
2122.3963 5.3633663e-16
2123.9431 5.3560788e-16
2125.4899 5.3969122e-16
2127.0368 5.2946362e-16
2128.5836 5.195497e-16
2130.1305 5.2660193e-16
2131.6773 5.2196704e-16
2133.2242 5.2121451e-16
2134.7711 5.184673e-16
2136.318 5.1807332e-16
2137.8649 5.0581419e-16
2139.4118 4.9755124e-16
2140.9588 4.9230648e-16
2142.5057 5.0176912e-16
2144.0526 4.9680122e-16
2145.5996 4.8054822e-16
2147.1465 4.8010225e-16
2148.6935 4.7980799e-16
2150.2405 4.8070148e-16
2151.7875 4.684708e-16
2153.3345 4.5673331e-16
2154.8815 4.537634e-16
2156.4285 4.3810095e-16
2157.9755 4.2560527e-16
2159.5226 4.2426381e-16
2161.0696 4.324476e-16
2162.6166 4.26184e-16
2164.1637 4.0684662e-16
2165.7108 3.9317992e-16
2167.2579 3.8839559e-16
2168.8049 3.8087624e-16
2170.352 3.7245823e-16
2171.8992 3.6864492e-16
2173.4463 3.684356e-16
2174.9934 3.6315656e-16
2176.5405 3.4828427e-16
2178.0877 3.2557246e-16
2179.6348 3.3249715e-16
2181.182 3.2399404e-16
2182.7292 3.0863394e-16
2184.2763 3.1992155e-16
2185.8235 3.1978947e-16
2187.3707 3.2342645e-16
2188.9179 3.1729748e-16
2190.4652 3.1232394e-16
2192.0124 3.1133844e-16
2193.5596 3.0853746e-16
2195.1069 3.0260206e-16
2196.6541 2.9916448e-16
2198.2014 3.0318401e-16
2199.7486 3.0316776e-16
2201.2959 3.0634261e-16
2202.8432 3.0091442e-16
2204.3905 2.9985654e-16
2205.9378 2.945585e-16
2207.4851 2.9795676e-16
2209.0325 3.0144254e-16
2210.5798 3.0025051e-16
2212.1271 3.068133e-16
2213.6745 3.0622354e-16
2215.2219 3.0146739e-16
2216.7692 2.9445119e-16
2218.3166 2.9951035e-16
2219.864 2.9303888e-16
2221.4114 2.9771436e-16
2222.9588 2.8857216e-16
2224.5062 2.8706442e-16
2226.0537 2.8955322e-16
2227.6011 2.9042242e-16
2229.1485 2.9252402e-16
2230.696 2.8593036e-16
2232.2435 2.8927937e-16
2233.7909 2.8836495e-16
2235.3384 2.8889819e-16
2236.8859 2.8114733e-16
2238.4334 2.8458323e-16
2239.9809 2.878518e-16
2241.5284 2.855563e-16
2243.076 2.8307363e-16
2244.6235 2.7903475e-16
2246.1711 2.7270932e-16
2247.7186 2.6987371e-16
2249.2662 2.7163449e-16
2250.8137 2.7719336e-16
2252.3613 2.8069506e-16
2253.9089 2.7823066e-16
2255.4565 2.8342657e-16
2257.0041 2.8266384e-16
2258.5517 2.8567313e-16
2260.0994 2.9670048e-16
2261.647 3.0082704e-16
2263.1947 3.1413527e-16
2264.7423 3.2098084e-16
2266.29 3.3070407e-16
2267.8377 3.4529719e-16
2269.3853 3.5822307e-16
2270.933 3.6115236e-16
2272.4807 3.8166813e-16
2274.0284 3.8920874e-16
2275.5762 3.977384e-16
2277.1239 4.1442803e-16
2278.6716 4.1762607e-16
2280.2194 4.2592959e-16
2281.7671 4.3677874e-16
2283.3149 4.4716162e-16
2284.8627 4.6851748e-16
2286.4105 5.0111415e-16
2287.9583 5.0516127e-16
2289.5061 5.1448042e-16
2291.0539 5.3586027e-16
2292.6017 5.5813132e-16
2294.1495 5.7223661e-16
2295.6974 5.9769664e-16
2297.2452 6.1882985e-16
2298.7931 6.4758301e-16
2300.3409 6.6500725e-16
2301.8888 6.8745528e-16
2303.4367 7.1711702e-16
2304.9846 7.5717529e-16
2306.5325 7.9243478e-16
2308.0804 8.0355642e-16
2309.6283 8.4413214e-16
2311.1763 8.7802699e-16
2312.7242 9.2105055e-16
2314.2721 9.4753064e-16
2315.8201 9.7943569e-16
2317.3681 9.8822701e-16
2318.9161 1.0080106e-15
2320.464 1.0234894e-15
2322.012 1.0370965e-15
2323.56 1.0704795e-15
2325.1081 1.0976631e-15
2326.6561 1.1035144e-15
2328.2041 1.1107738e-15
2329.7521 1.1190098e-15
2331.3002 1.1393595e-15
2332.8483 1.1676662e-15
2334.3963 1.1915777e-15
2335.9444 1.2122279e-15
2337.4925 1.2276788e-15
2339.0406 1.2207204e-15
2340.5887 1.2101083e-15
2342.1368 1.2169755e-15
2343.6849 1.2148557e-15
2345.2331 1.2068155e-15
2346.7812 1.2025165e-15
2348.3294 1.2217461e-15
2349.8775 1.222551e-15
2351.4257 1.2390542e-15
2352.9739 1.254808e-15
2354.522 1.2786689e-15
2356.0702 1.3021166e-15
2357.6184 1.3167163e-15
2359.1667 1.3366176e-15
2360.7149 1.3690181e-15
2362.2631 1.3817192e-15
2363.8114 1.3690037e-15
2365.3596 1.3681386e-15
2366.9079 1.3594326e-15
2368.4561 1.3365019e-15
2370.0044 1.3297946e-15
2371.5527 1.3137457e-15
2373.101 1.2991769e-15
2374.6493 1.2803197e-15
2376.1976 1.2314361e-15
2377.746 1.1762461e-15
2379.2943 1.1582804e-15
2380.8426 1.1456169e-15
2382.391 1.1372391e-15
2383.9393 1.1168477e-15
2385.4877 1.089036e-15
2387.0361 1.0788661e-15
2388.5845 1.079239e-15
2390.1329 1.076823e-15
2391.6813 1.1105808e-15
2393.2297 1.1619498e-15
2394.7781 1.1706225e-15
2396.3266 1.1879407e-15
2397.875 1.1828715e-15
2399.4235 1.2056895e-15
2400.9719 1.2283876e-15
2402.5204 1.2325694e-15
2404.0689 1.2129622e-15
2405.6174 1.2129332e-15
2407.1659 1.1918937e-15
2408.7144 1.1618086e-15
2410.2629 1.1385271e-15
2411.8114 1.11183e-15
2413.36 1.0957463e-15
2414.9085 1.0775716e-15
2416.4571 1.0630405e-15
2418.0056 1.0572355e-15
2419.5542 1.0605533e-15
2421.1028 1.0362543e-15
2422.6514 1.0356888e-15
2424.2 1.0457208e-15
2425.7486 1.052819e-15
2427.2972 1.0484101e-15
2428.8458 1.0420626e-15
2430.3945 1.0456651e-15
2431.9431 1.0412731e-15
2433.4918 1.0214545e-15
2435.0404 1.0139479e-15
2436.5891 1.0141966e-15
2438.1378 1.0073545e-15
2439.6865 9.8473192e-16
2441.2352 9.6071734e-16
2442.7839 9.5265111e-16
2444.3326 9.4645996e-16
2445.8813 9.2463996e-16
2447.4301 9.2224075e-16
2448.9788 9.1696645e-16
2450.5276 9.0620007e-16
2452.0763 9.1045215e-16
2453.6251 8.9555861e-16
2455.1739 8.9752451e-16
2456.7227 9.0206794e-16
2458.2715 9.0642094e-16
2459.8203 8.968843e-16
2461.3691 9.0693649e-16
2462.918 9.0148792e-16
2464.4668 9.0849963e-16
2466.0156 9.1163226e-16
2467.5645 9.1282809e-16
2469.1134 9.2629227e-16
2470.6622 9.4285193e-16
2472.2111 9.7064549e-16
2473.76 9.8524653e-16
2475.3089 9.9963957e-16
2476.8578 1.0001325e-15
2478.4068 1.0100697e-15
2479.9557 1.0185108e-15
2481.5046 1.035324e-15
2483.0536 1.0497378e-15
2484.6025 1.0700079e-15
2486.1515 1.0886403e-15
2487.7005 1.1140687e-15
2489.2495 1.1365408e-15
2490.7985 1.1703989e-15
2492.3475 1.2024603e-15
2493.8965 1.2452303e-15
2495.4455 1.2903998e-15
2496.9945 1.340117e-15
2498.5436 1.3833797e-15
2500.0926 1.4213752e-15
2501.6417 1.4674965e-15
2503.1907 1.4838992e-15
2504.7398 1.5245559e-15
2506.2889 1.5626479e-15
2507.838 1.5999668e-15
2509.3871 1.6711953e-15
2510.9362 1.7234361e-15
2512.4853 1.7742162e-15
2514.0345 1.8151595e-15
2515.5836 1.8781941e-15
2517.1328 1.9407262e-15
2518.6819 2.0213325e-15
2520.2311 2.0870292e-15
2521.7803 2.163729e-15
2523.3295 2.2601851e-15
2524.8787 2.3194349e-15
2526.4279 2.3827951e-15
2527.9771 2.4554523e-15
2529.5263 2.5585035e-15
2531.0755 2.6359465e-15
2532.6248 2.6887902e-15
2534.174 2.7329104e-15
2535.7233 2.7741181e-15
2537.2726 2.8198282e-15
2538.8218 2.8589362e-15
2540.3711 2.8787948e-15
2541.9204 2.8988626e-15
2543.4697 2.9020636e-15
2545.0191 2.8819682e-15
2546.5684 2.8903803e-15
2548.1177 2.8955795e-15
2549.6671 2.8974673e-15
2551.2164 2.9121074e-15
2552.7658 2.9153719e-15
2554.3151 2.8996679e-15
2555.8645 2.9090268e-15
2557.4139 2.9194831e-15
2558.9633 2.9382589e-15
2560.5127 2.9410265e-15
2562.0621 2.9485416e-15
2563.6116 2.9292249e-15
2565.161 2.9367868e-15
2566.7104 2.9140162e-15
2568.2599 2.8876398e-15
2569.8094 2.8776116e-15
2571.3588 2.8401824e-15
2572.9083 2.8323756e-15
2574.4578 2.8117503e-15
2576.0073 2.811284e-15
2577.5568 2.7669475e-15
2579.1063 2.7112066e-15
2580.6559 2.6251237e-15
2582.2054 2.5731991e-15
2583.7549 2.5542517e-15
2585.3045 2.5248984e-15
2586.8541 2.5063611e-15
2588.4036 2.3999311e-15
2589.9532 2.3214204e-15
2591.5028 2.2572555e-15
2593.0524 2.2106768e-15
2594.602 2.1444307e-15
2596.1516 2.1060617e-15
2597.7013 2.0583993e-15
2599.2509 1.9970573e-15
2600.8006 1.9310766e-15
2602.3502 1.8182975e-15
2603.8999 1.807995e-15
2605.4495 1.7957912e-15
2606.9992 1.7645537e-15
2608.5489 1.7118586e-15
2610.0986 1.7356071e-15
2611.6483 1.7377932e-15
2613.1981 1.7346779e-15
2614.7478 1.7282556e-15
2616.2975 1.7134992e-15
2617.8473 1.7281198e-15
2619.397 1.7159161e-15
2620.9468 1.6937726e-15
2622.4966 1.6750904e-15
2624.0464 1.6665703e-15
2625.5962 1.6594041e-15
2627.146 1.6461712e-15
2628.6958 1.6462829e-15
2630.2456 1.638467e-15
2631.7954 1.6456241e-15
2633.3453 1.6739798e-15
2634.8951 1.6813492e-15
2636.445 1.6934864e-15
2637.9948 1.6985034e-15
2639.5447 1.7108199e-15
2641.0946 1.7169302e-15
2642.6445 1.7414764e-15
2644.1944 1.7509697e-15
2645.7443 1.758675e-15
2647.2942 1.7626801e-15
2648.8442 1.7766392e-15
2650.3941 1.810153e-15
2651.9441 1.8454095e-15
2653.494 1.8755833e-15
2655.044 1.9104302e-15
2656.594 1.9469206e-15
2658.144 1.9746706e-15
2659.6939 2.0031152e-15
2661.244 2.0399176e-15
2662.794 2.0733519e-15
2664.344 2.1039249e-15
2665.894 2.1393066e-15
2667.4441 2.1810695e-15
2668.9941 2.2241908e-15
2670.5442 2.2746563e-15
2672.0943 2.3270905e-15
2673.6443 2.3741099e-15
2675.1944 2.4667524e-15
2676.7445 2.5639977e-15
2678.2946 2.6593923e-15
2679.8447 2.7441046e-15
2681.3949 2.8499193e-15
2682.945 2.9413243e-15
2684.4951 3.0431423e-15
2686.0453 3.138158e-15
2687.5955 3.2547476e-15
2689.1456 3.386842e-15
2690.6958 3.48556e-15
2692.246 3.5738812e-15
2693.7962 3.6627714e-15
2695.3464 3.7669912e-15
2696.8966 3.8440412e-15
2698.4468 3.912918e-15
2699.9971 3.992534e-15
2701.5473 4.1005189e-15
2703.0976 4.1620623e-15
2704.6478 4.2388712e-15
2706.1981 4.2877238e-15
2707.7484 4.338249e-15
2709.2987 4.4303051e-15
2710.849 4.5024906e-15
2712.3993 4.5540012e-15
2713.9496 4.6370617e-15
2715.4999 4.6952591e-15
2717.0503 4.7528945e-15
2718.6006 4.8307361e-15
2720.151 4.8699432e-15
2721.7013 4.9304317e-15
2723.2517 5.0487727e-15
2724.8021 5.0817076e-15
2726.3525 5.1475979e-15
2727.9029 5.2407317e-15
2729.4533 5.3174785e-15
2731.0037 5.4076655e-15
2732.5542 5.4556209e-15
2734.1046 5.5090497e-15
2735.655 5.5978793e-15
2737.2055 5.6876812e-15
2738.756 5.7454429e-15
2740.3064 5.8413829e-15
2741.8569 5.9183276e-15
2743.4074 5.9880942e-15
2744.9579 6.0640913e-15
2746.5084 6.1429112e-15
2748.0589 6.2628926e-15
2749.6095 6.3405592e-15
2751.16 6.4112547e-15
2752.7106 6.548415e-15
2754.2611 6.6773805e-15
2755.8117 6.7882553e-15
2757.3623 6.9271749e-15
2758.9129 7.0848843e-15
2760.4634 7.2149781e-15
2762.0141 7.337911e-15
2763.5647 7.4435367e-15
2765.1153 7.6139411e-15
2766.6659 7.8385721e-15
2768.2166 7.9338837e-15
2769.7672 8.0607854e-15
2771.3179 8.2492847e-15
2772.8685 8.4017274e-15
2774.4192 8.5403086e-15
2775.9699 8.7684132e-15
2777.5206 8.9738958e-15
2779.0713 9.1913957e-15
2780.622 9.3485157e-15
2782.1727 9.5029154e-15
2783.7235 9.7230124e-15
2785.2742 9.8728112e-15
2786.825 1.0000213e-14
2788.3757 1.007548e-14
2789.9265 9.9570491e-15
2791.4773 9.7602461e-15
2793.0281 9.7572198e-15
2794.5789 9.7368405e-15
2796.1297 9.6451018e-15
2797.6805 9.1763294e-15
2799.2313 8.6768416e-15
2800.7821 8.4661703e-15
2802.333 8.3666591e-15
2803.8838 8.2532727e-15
2805.4347 8.1676432e-15
2806.9856 8.0876415e-15
2808.5364 8.0398901e-15
2810.0873 8.0131043e-15
2811.6382 8.1009557e-15
2813.1891 8.4768058e-15
2814.7401 8.9383527e-15
2816.291 9.1179382e-15
2817.8419 9.1966567e-15
2819.3929 9.3305317e-15
2820.9438 9.6299636e-15
2822.4948 9.9181609e-15
2824.0458 1.0051901e-14
2825.5967 1.0167287e-14
2827.1477 1.0241624e-14
2828.6987 1.0376538e-14
2830.2497 1.0460244e-14
2831.8008 1.0567776e-14
2833.3518 1.0682381e-14
2834.9028 1.0767559e-14
2836.4539 1.0854999e-14
2838.0049 1.0991744e-14
2839.556 1.1073872e-14
2841.1071 1.1182697e-14
2842.6581 1.1357765e-14
2844.2092 1.1496499e-14
2845.7603 1.1582239e-14
2847.3114 1.1575793e-14
2848.8626 1.1598345e-14
2850.4137 1.1719141e-14
2851.9648 1.1810828e-14
2853.516 1.185527e-14
2855.0671 1.1748224e-14
2856.6183 1.1667208e-14
2858.1695 1.1744641e-14
2859.7207 1.1797186e-14
2861.2719 1.2031974e-14
2862.8231 1.2329904e-14
2864.3743 1.2542876e-14
2865.9255 1.2745591e-14
2867.4767 1.3007333e-14
2869.028 1.3295126e-14
2870.5792 1.3806446e-14
2872.1305 1.4232981e-14
2873.6817 1.4536799e-14
2875.233 1.4854094e-14
2876.7843 1.5135955e-14
2878.3356 1.5440037e-14
2879.8869 1.5780948e-14
2881.4382 1.6175361e-14
2882.9895 1.6558973e-14
2884.5409 1.6973627e-14
2886.0922 1.7433421e-14
2887.6436 1.7912532e-14
2889.1949 1.8365841e-14
2890.7463 1.8893543e-14
2892.2977 1.9355119e-14
2893.849 1.9844017e-14
2895.4004 2.0404551e-14
2896.9518 2.0934949e-14
2898.5033 2.1491136e-14
2900.0547 2.1977898e-14
2901.6061 2.236475e-14
2903.1576 2.2828741e-14
2904.709 2.3300735e-14
2906.2605 2.3716408e-14
2907.8119 2.4107137e-14
2909.3634 2.4491238e-14
2910.9149 2.4825616e-14
2912.4664 2.5149686e-14
2914.0179 2.5441537e-14
2915.5694 2.5745496e-14
2917.121 2.6068982e-14
2918.6725 2.6328553e-14
2920.224 2.651059e-14
2921.7756 2.6791863e-14
2923.3272 2.7158337e-14
2924.8787 2.7483921e-14
2926.4303 2.7850123e-14
2927.9819 2.8065352e-14
2929.5335 2.8326725e-14
2931.0851 2.8674156e-14
2932.6367 2.8994109e-14
2934.1883 2.9348324e-14
2935.74 2.9695111e-14
2937.2916 2.9941543e-14
2938.8433 3.010529e-14
2940.3949 3.0340069e-14
2941.9466 3.0595523e-14
2943.4983 3.0938905e-14
2945.05 3.1254916e-14
2946.6017 3.152981e-14
2948.1534 3.181991e-14
2949.7051 3.1970367e-14
2951.2569 3.2227345e-14
2952.8086 3.2499661e-14
2954.3603 3.278073e-14
2955.9121 3.2986793e-14
2957.4639 3.3048834e-14
2959.0156 3.3203826e-14
2960.5674 3.3333023e-14
2962.1192 3.3416243e-14
2963.671 3.3468005e-14
2965.2228 3.3642136e-14
2966.7746 3.3676035e-14
2968.3265 3.369311e-14
2969.8783 3.3724079e-14
2971.4302 3.379324e-14
2972.982 3.3909485e-14
2974.5339 3.3836827e-14
2976.0858 3.3674459e-14
2977.6377 3.3484416e-14
2979.1895 3.3180824e-14
2982.5697 3.156801e-14
2985.3151 3.1436733e-14
2988.0605 2.903486e-14
2990.8059 2.8329356e-14
2993.5513 2.7907659e-14
2996.2968 2.7350652e-14
2999.0423 2.6876738e-14
3001.7878 2.603062e-14
3004.5333 2.474859e-14
3007.2788 2.5268445e-14
3010.0244 2.4345819e-14
3012.7699 2.4381522e-14
3015.5155 2.4122809e-14
3018.2611 2.3324257e-14
3021.0068 2.415318e-14
3023.7524 2.3844421e-14
3026.4981 2.4056069e-14
3029.2438 2.4613983e-14
3031.9895 2.4610263e-14
3034.7352 2.5613871e-14
3037.481 2.63518e-14
3040.2267 2.5998728e-14
3042.9725 2.6000102e-14
3045.7183 2.7047138e-14
3048.4641 2.6062301e-14
3051.21 2.7013646e-14
3053.9558 2.6838229e-14
3056.7017 2.7114497e-14
3059.4476 2.6042294e-14
3062.1935 2.5990024e-14
3064.9395 2.6789321e-14
3067.6854 2.6420254e-14
3070.4314 2.5882991e-14
3073.1774 2.5790642e-14
3075.9234 2.5294872e-14
3078.6694 2.5426201e-14
3081.4155 2.560133e-14
3084.1616 2.5354534e-14
3086.9076 2.646867e-14
3089.6537 2.6401959e-14
3092.3999 2.6076592e-14
3095.146 2.6475131e-14
3097.8922 2.6755037e-14
3100.6383 2.6923674e-14
3103.3845 2.7737275e-14
3106.1307 2.8516262e-14
3108.877 2.9525685e-14
3111.6232 2.9245547e-14
3114.3695 2.9442516e-14
3117.1157 3.0613993e-14
3119.862 3.0867273e-14
3122.6084 3.1568969e-14
3125.3547 3.2132883e-14
3128.101 3.31094e-14
3130.8474 3.4453492e-14
3133.5938 3.5070054e-14
3136.3402 3.5560551e-14
3139.0866 3.5340281e-14
3141.833 3.5920584e-14
3144.5795 3.710107e-14
3147.326 3.732777e-14
3150.0724 3.7356437e-14
3152.8189 3.911238e-14
3155.5655 3.8794526e-14
3158.312 3.8641687e-14
3161.0585 3.9429319e-14
3163.8051 3.8844687e-14
3166.5517 4.0213946e-14
3169.2983 3.9323925e-14
3172.0449 3.9420012e-14
3174.7915 4.0195298e-14
3177.5382 3.9492318e-14
3180.2848 4.0711517e-14
3183.0315 3.9631374e-14
3185.7782 4.0008829e-14
3188.5249 3.9216263e-14
3191.2717 3.9578546e-14
3194.0184 3.8753475e-14
3196.7652 4.0709183e-14
3199.5119 3.8332449e-14
3202.2587 3.8167511e-14
3205.0055 3.8167894e-14
3207.7523 3.9306991e-14
3210.4992 3.6917948e-14
3213.246 3.6538616e-14
3215.9929 3.5088879e-14
3218.7398 3.4332742e-14
3221.4867 3.3652002e-14
3224.2336 3.2090697e-14
3226.9805 3.2709309e-14
3229.7274 3.0840344e-14
3232.4744 3.0739784e-14
3235.2214 3.0239039e-14
3237.9683 2.9701749e-14
3240.7153 2.7919326e-14
3243.4624 2.8221954e-14
3246.2094 2.7157176e-14
3248.9564 2.7225914e-14
3251.7035 2.6544407e-14
3254.4505 2.6226419e-14
3257.1976 2.6276422e-14
3259.9447 2.5445281e-14
3262.6918 2.4445854e-14
3265.439 2.477643e-14
3268.1861 2.4345753e-14
3270.9333 2.4867229e-14
3273.6804 2.4743836e-14
3276.4276 2.4706289e-14
3279.1748 2.4569217e-14
3281.922 2.425774e-14
3284.6692 2.3600313e-14
3287.4165 2.3846032e-14
3290.1637 2.4293117e-14
3292.911 2.4499024e-14
3295.6583 2.408508e-14
3298.4056 2.435145e-14
3301.1529 2.468717e-14
3303.9002 2.4874256e-14
3306.6475 2.5218185e-14
3309.3948 2.5534664e-14
3312.1422 2.5458861e-14
3314.8896 2.5595989e-14
3317.6369 2.6234062e-14
3320.3843 2.6919747e-14
3323.1317 2.7087556e-14
3325.8792 2.7982523e-14
3328.6266 2.9476567e-14
3331.374 3.0503781e-14
3334.1215 3.144805e-14
3336.869 3.2249909e-14
3339.6164 3.3171989e-14
3342.3639 3.4086676e-14
3345.1114 3.45603e-14
3347.8589 3.5228365e-14
3353.354 3.521387e-14
3356.1016 3.4151027e-14
3358.8491 3.4200676e-14
3361.5967 3.3286653e-14
3364.3443 3.3504019e-14
3367.0919 3.3077467e-14
3369.8395 3.2347196e-14
3372.5871 3.2261273e-14
3375.3348 3.1732619e-14
3378.0824 3.127083e-14
3380.8301 3.1211243e-14
3383.5777 3.2002765e-14
3386.3254 3.2035765e-14
3389.0731 3.2897299e-14
3391.8208 3.3276367e-14
3394.5685 3.2761476e-14
3397.3162 3.2858454e-14
3400.064 3.346119e-14
3402.8117 3.4783781e-14
3405.5595 3.495109e-14
3408.3072 3.4575787e-14
3411.055 3.4763818e-14
3413.8028 3.4520303e-14
3416.5506 3.4368447e-14
3419.2984 3.4614157e-14
3422.0462 3.453748e-14
3424.794 3.4524812e-14
3427.5419 3.504794e-14
3430.2897 3.5097013e-14
3433.0376 3.5195571e-14
3435.7854 3.5599812e-14
3438.5333 3.5523223e-14
3441.2812 3.6050915e-14
3444.0291 3.6952815e-14
3446.777 3.7529458e-14
3449.5249 3.8219248e-14
3452.2729 3.9007077e-14
3455.0208 3.8729098e-14
3457.7687 3.8882322e-14
3460.5167 3.9673136e-14
3463.2647 4.0147126e-14
3466.0126 4.0388228e-14
3468.7606 4.0120078e-14
3471.5086 3.8946765e-14
3474.2566 3.9205984e-14
3477.0046 3.9573986e-14
3479.7526 3.94953e-14
3482.5007 3.8915099e-14
3485.2487 3.9411e-14
3487.9968 3.9554806e-14
3490.7448 3.9635934e-14
3493.4929 4.0316183e-14
3496.2409 4.0606699e-14
3498.989 4.1338637e-14
3501.7371 4.1975829e-14
3504.4852 4.2311373e-14
3507.2333 4.299666e-14
3509.9814 4.4251488e-14
3512.7296 4.4261232e-14
3515.4777 4.4394694e-14
3518.2258 4.5122008e-14
3520.974 4.5600202e-14
3523.7221 4.629936e-14
3526.4703 4.5676011e-14
3529.2185 4.5624295e-14
3531.9666 4.6166023e-14
3534.7148 4.5780982e-14
3537.463 4.6860129e-14
3540.2112 4.7231553e-14
3542.9594 4.683194e-14
3545.7076 4.7273566e-14
3548.4559 4.7983793e-14
3551.2041 4.8491552e-14
3553.9523 4.8768379e-14
3556.7006 4.9749928e-14
3559.4488 4.9810094e-14
3562.1971 4.9673847e-14
3564.9453 5.0240641e-14
3567.6936 5.0636236e-14
3570.4419 5.1084374e-14
3573.1902 5.1244538e-14
3575.9385 5.1788868e-14
3578.6868 5.1765402e-14
3581.4351 5.1970049e-14
3584.1834 5.2363177e-14
3586.9317 5.2970161e-14
3589.68 5.3036707e-14
3592.4284 5.2881365e-14
3595.1767 5.3043263e-14
3597.925 5.1913209e-14
3600.6734 5.1333249e-14
3603.4218 5.2144968e-14
3606.1701 5.1480552e-14
3608.9185 5.1969825e-14
3611.6669 5.0197151e-14
3614.4152 4.977522e-14
3617.1636 4.9856258e-14
3619.912 4.9993047e-14
3622.6604 4.9474154e-14
3625.4088 4.9508432e-14
3628.1572 4.991144e-14
3630.9056 5.0471918e-14
3633.6541 5.0351972e-14
3636.4025 5.06295e-14
3639.1509 5.1307333e-14
3641.8993 5.0941466e-14
3644.6478 5.1109999e-14
3647.3962 5.0781014e-14
3650.1447 4.9835045e-14
3652.8931 4.9308176e-14
3655.6416 4.9707908e-14
3658.3901 4.9384901e-14
3661.1385 4.8697361e-14
3663.887 4.8726871e-14
3666.6355 4.825666e-14
3669.384 4.8106765e-14
3672.1324 4.7946547e-14
3674.8809 4.7792875e-14
3677.6294 4.6811564e-14
3680.3779 4.6930264e-14
3683.1264 4.6419828e-14
3685.8749 4.6318469e-14
3688.6235 4.5368291e-14
3691.372 4.4524771e-14
3694.1205 4.3646612e-14
3696.869 4.2592218e-14
3699.6176 4.1020115e-14
3705.1146 3.865941e-14
3707.8632 3.731669e-14
3710.6117 3.6221948e-14
3713.3602 3.4873027e-14
3716.1088 3.3494515e-14
3718.8574 3.2811393e-14
3721.6059 3.1982683e-14
3724.3545 3.1272301e-14
3727.103 3.1049097e-14
3729.8516 3.0121179e-14
3732.6002 2.909958e-14
3735.3487 2.9589754e-14
3738.0973 2.8713739e-14
3740.8459 2.8462496e-14
3743.5945 2.8538315e-14
3746.3431 2.8699597e-14
3749.0916 2.8374421e-14
3751.8402 2.8543347e-14
3754.5888 2.9102599e-14
3757.3374 2.9263223e-14
3760.086 2.9629158e-14
3762.8346 2.8961168e-14
3765.5832 2.897657e-14
3768.3318 2.8473158e-14
3771.0804 2.7926041e-14
3773.829 2.812692e-14
3776.5776 2.7623903e-14
3779.3262 2.7343997e-14
3782.0749 2.6866086e-14
3784.8235 2.586273e-14
3787.5721 2.5431461e-14
3790.3207 2.4642902e-14
3793.0693 2.4746337e-14
3795.8179 2.4436782e-14
3798.5666 2.4218429e-14
3801.3152 2.4548812e-14
3804.0638 2.3865534e-14
3806.8124 2.4433587e-14
3809.5611 2.4972063e-14
3812.3097 2.4033247e-14
3815.0583 2.4701424e-14
3817.807 2.4785126e-14
3820.5556 2.449264e-14
3823.3042 2.4535236e-14
3826.0529 2.5107007e-14
3828.8015 2.5841884e-14
3831.5501 2.5915476e-14
3834.2988 2.7027453e-14
3837.0474 2.7427574e-14
3839.796 2.8184129e-14
3842.5447 2.9311436e-14
3845.2933 2.9964909e-14
3848.042 3.1514108e-14
3850.7906 3.2412553e-14
3853.5392 3.3560435e-14
3856.2879 3.4833539e-14
3859.0365 3.6211417e-14
3861.7852 3.7535645e-14
3864.5338 3.9657249e-14
3867.2824 4.1152194e-14
3870.0311 4.231903e-14
3872.7797 4.4118897e-14
3875.5283 4.5570373e-14
3878.277 4.6837242e-14
3881.0256 4.7955546e-14
3883.7743 4.8905741e-14
3886.5229 5.0035293e-14
3889.2715 5.0747889e-14
3892.0202 5.205791e-14
3894.7688 5.2308025e-14
3897.5174 5.36125e-14
3900.2661 5.4385204e-14
3903.0147 5.4723882e-14
3905.7633 5.5070823e-14
3908.512 5.510731e-14
3911.2606 5.6308795e-14
3914.0092 5.7773949e-14
3916.7578 5.7338242e-14
3919.5065 5.768497e-14
3922.2551 5.8409176e-14
3925.0037 5.9207705e-14
3927.7523 5.9093396e-14
3930.501 6.0508801e-14
3933.2496 5.9382031e-14
3935.9982 5.8223757e-14
3938.7468 5.9713892e-14
3941.4954 6.3070812e-14
3944.244 6.3021487e-14
3946.9926 5.9392554e-14
3949.7412 6.01089e-14
3952.4898 6.374402e-14
3955.2384 6.5610305e-14
3957.987 6.5602925e-14
3960.7356 6.5760379e-14
3963.4842 6.5408785e-14
3966.2328 6.4418374e-14
3968.9814 6.2792294e-14
3971.73 6.1566034e-14
3974.4786 6.1842933e-14
3977.2272 6.0861892e-14
3979.9757 5.9407442e-14
3982.7243 5.5970067e-14
3985.4729 5.5629621e-14
3988.2215 5.6744394e-14
3990.97 5.5633066e-14
3993.7186 5.5363574e-14
3996.4671 5.5048326e-14
3999.2157 5.3729966e-14
4001.9643 5.3926725e-14
4004.7128 5.3293622e-14
4007.4614 5.2031201e-14
4010.2099 5.1317755e-14
4012.9584 5.1678239e-14
4015.707 5.0843661e-14
4018.4555 5.1148132e-14
4021.204 5.1550862e-14
4023.9526 5.1835587e-14
4026.7011 5.1905186e-14
4029.4496 5.2671151e-14
4032.1981 5.2459454e-14
4034.9466 5.3287527e-14
4037.6951 5.322464e-14
4040.4436 5.4273995e-14
4043.1921 5.5138135e-14
4045.9406 5.5975356e-14
4048.6891 5.6774748e-14
4051.4376 5.6877727e-14
4054.1861 5.7193609e-14
4056.9346 5.837417e-14
4059.683 5.7524088e-14
4062.4315 5.8597346e-14
4065.18 5.9385019e-14
4067.9284 5.9749921e-14
4070.6769 5.9633877e-14
4073.4253 6.0568961e-14
4076.1737 6.0695677e-14
4078.9222 6.145117e-14
4081.6706 6.1925982e-14
4084.419 6.2479657e-14
4087.1675 6.2708939e-14
4089.9159 6.2253588e-14
4092.6643 6.2190094e-14
4095.4127 6.3320341e-14
4098.1611 6.1950302e-14
4100.9095 6.2174631e-14
4103.6579 6.1628281e-14
4106.4063 6.1844193e-14
4109.1546 6.1958746e-14
4111.903 6.2141142e-14
4114.6514 6.1456238e-14
4117.3997 6.2329021e-14
4120.1481 6.1343969e-14
4122.8964 6.1654187e-14
4125.6448 6.0338121e-14
4128.3931 5.9822258e-14
4131.1414 5.8711167e-14
4133.8897 5.7320346e-14
4136.6381 5.7307003e-14
4139.3864 5.6704448e-14
4142.1347 5.6340003e-14
4144.883 5.6737093e-14
4147.6312 5.5932147e-14
4150.3795 5.5481986e-14
4153.1278 5.5604179e-14
4155.8761 5.5537369e-14
4158.6243 5.4788385e-14
4161.3726 5.5224102e-14
4164.1208 5.4298149e-14
4166.8691 5.424788e-14
4169.6173 5.3705429e-14
4172.3655 5.3348225e-14
4175.1137 5.3339525e-14
4177.862 5.2617721e-14
4180.6102 5.318839e-14
4183.3584 5.2257799e-14
4186.1065 5.2477791e-14
4188.8547 5.2397417e-14
4191.6029 5.2113163e-14
4194.3511 5.1527396e-14
4197.0992 5.1424841e-14
4199.8474 5.0911535e-14
4202.5955 5.0093586e-14
4205.3436 4.9528554e-14
4208.0918 4.9637022e-14
4210.8399 4.9355366e-14
4213.588 4.8338212e-14
4216.3361 4.6903691e-14
4219.0842 4.7125718e-14
4221.8323 4.6319461e-14
4224.5803 4.5421759e-14
4227.3284 4.4881816e-14
4230.0765 4.4592205e-14
4232.8245 4.3947461e-14
4235.5725 4.3625907e-14
4238.3206 4.3112097e-14
4241.0686 4.2743813e-14
4243.8166 4.186995e-14
4246.5646 4.1774313e-14
4249.3126 4.1417689e-14
4252.0606 4.094337e-14
4254.8086 4.0836597e-14
4257.5565 4.0503039e-14
4260.3045 4.0580878e-14
4263.0524 3.996254e-14
4265.8004 3.9431677e-14
4268.5483 3.894071e-14
4271.2962 3.876984e-14
4274.0441 3.8324992e-14
4276.792 3.8159109e-14
4279.5399 3.7429349e-14
4282.2878 3.7154141e-14
4285.0357 3.660581e-14
4287.7836 3.6165285e-14
4290.5314 3.616498e-14
4293.2792 3.5546913e-14
4296.0271 3.5186145e-14
4298.7749 3.492553e-14
4301.5227 3.4819288e-14
4304.2705 3.4711613e-14
4307.0183 3.4468752e-14
4309.7661 3.4097118e-14
4312.5138 3.4311577e-14
4315.2616 3.4044463e-14
4318.0093 3.4253267e-14
4320.7571 3.4138602e-14
4323.5048 3.430333e-14
4326.2525 3.4589309e-14
4329.0002 3.4460946e-14
4331.7479 3.5006706e-14
4334.4956 3.5260809e-14
4337.2433 3.6128839e-14
4339.9909 3.6325103e-14
4342.7386 3.6354369e-14
4345.4862 3.6165823e-14
4348.2338 3.6473073e-14
4350.9815 3.6343277e-14
4353.7291 3.7010983e-14
4356.4766 3.7219109e-14
4359.2242 3.7073168e-14
4361.9718 3.7247047e-14
4364.7193 3.7676385e-14
4367.4669 3.7976912e-14
4370.2144 3.7986111e-14
4372.9619 3.8361062e-14
4375.7095 3.843472e-14
4378.4569 3.8610272e-14
4381.2044 3.9191849e-14
4383.9519 3.9201542e-14
4386.6994 3.9359758e-14
4389.4468 3.9696352e-14
4392.1942 4.0008066e-14
4394.9417 4.0004753e-14
4397.6891 4.0454548e-14
4400.4365 4.0196247e-14
4403.1839 4.0363729e-14
4405.9312 4.0471183e-14
4408.6786 3.9941307e-14
4411.4259 3.9662724e-14
4414.1733 3.88857e-14
4416.9206 3.8460693e-14
4419.6679 3.8170012e-14
4422.4152 3.7432314e-14
4425.1625 3.6621087e-14
4427.9097 3.6381773e-14
4430.657 3.6253461e-14
4433.4042 3.5521516e-14
4436.1514 3.5377642e-14
4438.8987 3.508838e-14
4441.6459 3.4631474e-14
4444.393 3.4194534e-14
4447.1402 3.4056532e-14
4449.8874 3.463187e-14
4452.6345 3.435321e-14
4455.3816 3.4232691e-14
4458.1288 3.5045111e-14
4460.8759 3.5942661e-14
4463.623 3.6551189e-14
4466.37 3.6964897e-14
4469.1171 3.7774027e-14
4471.8641 3.8381648e-14
4474.6112 3.9234434e-14
4477.3582 3.977743e-14
4480.1052 4.0748587e-14
4482.8522 4.1302827e-14
4485.5992 4.1635915e-14
4488.3461 4.1726974e-14
4491.0931 4.2852234e-14
4493.84 4.2961365e-14
4496.5869 4.333363e-14
4499.3338 4.3745609e-14
4502.0807 4.3622275e-14
4504.8276 4.3821443e-14
4507.5744 4.4112859e-14
4510.3212 4.3971466e-14
4513.0681 4.4259406e-14
4515.8149 4.4426255e-14
4518.5617 4.4647595e-14
4521.3084 4.4488268e-14
4524.0552 4.479794e-14
4526.802 4.4881061e-14
4529.5487 4.5042929e-14
4532.2954 4.4629488e-14
4535.0421 4.5451104e-14
4537.7888 4.4642143e-14
4540.5355 4.4525137e-14
4543.2821 4.4410222e-14
4546.0287 4.4562685e-14
4548.7754 4.4187049e-14
4551.522 4.3783143e-14
4554.2686 4.4167964e-14
4557.0151 4.3372224e-14
4559.7617 4.3952048e-14
4562.5082 4.3578595e-14
4565.2547 4.367948e-14
4568.0012 4.3766365e-14
4570.7477 4.3660635e-14
4573.4942 4.3661801e-14
4576.2407 4.3469941e-14
4578.9871 4.3565222e-14
4581.7335 4.4025828e-14
4584.4799 4.3406596e-14
4587.2263 4.3070802e-14
4589.9727 4.3805356e-14
4592.719 4.3968078e-14
4595.4654 4.4055823e-14
4598.2117 4.3709133e-14
4600.958 4.3786264e-14
4603.7043 4.4102946e-14
4606.4506 4.4275097e-14
4609.1968 4.4250038e-14
4611.943 4.4066106e-14
4614.6892 4.3973868e-14
4617.4354 4.4256167e-14
4620.1816 4.3877601e-14
4622.9278 4.3519652e-14
4625.6739 4.352493e-14
4628.4201 4.3299199e-14
4631.1662 4.3071883e-14
4633.9123 4.3145378e-14
4636.6583 4.2238003e-14
4639.4044 4.1835391e-14
4642.1504 4.1032505e-14
4644.8964 4.0722789e-14
4647.6424 3.9953531e-14
4650.3884 3.9102222e-14
4653.1344 3.876079e-14
4655.8803 3.785275e-14
4658.6262 3.7384257e-14
4661.3721 3.7113142e-14
4664.118 3.6147134e-14
4666.8639 3.6279292e-14
4669.6097 3.5937412e-14
4672.3556 3.5469894e-14
4675.1014 3.5110695e-14
4677.8472 3.4529437e-14
4680.5929 3.4793769e-14
4683.3387 3.4547709e-14
4686.0844 3.5402931e-14
4688.8302 3.4092798e-14
4691.5758 3.4372302e-14
4694.3215 3.4592636e-14
4697.0672 3.436639e-14
4699.8128 3.4410385e-14
4702.5584 3.4396619e-14
4705.304 3.4456731e-14
4708.0496 3.4599805e-14
4710.7952 3.4640571e-14
4713.5407 3.5029532e-14
4716.2862 3.4198657e-14
4719.0317 3.4631579e-14
4721.7772 3.4572998e-14
4724.5227 3.4634456e-14
4727.2681 3.4267016e-14
4730.0135 3.3982755e-14
4732.7589 3.4547719e-14
4735.5043 3.4407207e-14
4738.2496 3.3519984e-14
4740.995 3.334994e-14
4743.7403 3.288989e-14
4746.4856 3.2449249e-14
4749.2309 3.2152652e-14
4751.9761 3.204345e-14
4754.7213 3.1526461e-14
4757.4665 3.1158022e-14
4760.2117 3.0750301e-14
4762.9569 3.0361581e-14
4765.7021 2.9993237e-14
4768.4472 3.0149894e-14
4771.1923 3.0197758e-14
4773.9374 3.0142701e-14
4776.6824 2.9965796e-14
4779.4275 2.9976466e-14
4782.1725 3.0276163e-14
4784.9175 3.022304e-14
4787.6625 3.0675393e-14
4790.4074 3.0601528e-14
4793.1524 3.0882025e-14
4795.8973 3.0853697e-14
4798.6422 3.0784223e-14
4801.387 3.0825718e-14
4804.1319 3.0757897e-14
4806.8767 3.0788103e-14
4809.6215 3.0733832e-14
4812.3663 3.0578513e-14
4815.111 3.0644222e-14
4817.8558 3.0522382e-14
4820.6005 3.0600925e-14
4823.3452 3.0379568e-14
4826.0898 2.9963824e-14
4828.8345 2.9696338e-14
4831.5791 2.9083771e-14
4834.3237 2.878736e-14
4837.0683 2.8348256e-14
4839.8128 2.8142736e-14
4842.5573 2.7722287e-14
4845.3019 2.7159635e-14
4848.0463 2.6842189e-14
4850.7908 2.5896362e-14
4853.5352 2.558442e-14
4856.2796 2.5344916e-14
4859.024 2.5167473e-14
4861.7684 2.4610163e-14
4864.5128 2.4385301e-14
4867.2571 2.3884276e-14
4870.0014 2.3580596e-14
4872.7456 2.3523543e-14
4875.4899 2.3260894e-14
4878.2341 2.2911584e-14
4880.9783 2.3221154e-14
4883.7225 2.3334514e-14
4886.4667 2.3284478e-14
4889.2108 2.3109097e-14
4891.9549 2.334705e-14
4894.699 2.3460026e-14
4897.443 2.403301e-14
4900.1871 2.4221978e-14
4902.9311 2.409114e-14
4905.6751 2.4322646e-14
4908.419 2.4855487e-14
4911.163 2.4938012e-14
4913.9069 2.4957748e-14
4916.6508 2.5063935e-14
4919.3946 2.5161126e-14
4922.1385 2.5389477e-14
4924.8823 2.533998e-14
4927.6261 2.5489568e-14
4930.3698 2.5242297e-14
4933.1136 2.5560081e-14
4935.8573 2.5478123e-14
4938.601 2.5684971e-14
4941.3446 2.5851369e-14
4944.0883 2.5954221e-14
4946.8319 2.5620948e-14
4949.5755 2.6005446e-14
4952.319 2.5925566e-14
4955.0626 2.5721948e-14
4957.8061 2.5660209e-14
4960.5496 2.5763895e-14
4963.293 2.5712136e-14
4966.0364 2.5905137e-14
4968.7799 2.6044915e-14
4971.5232 2.542045e-14
4974.2666 2.4955222e-14
4977.0099 2.4761292e-14
4979.7532 2.4690282e-14
4982.4965 2.4971997e-14
4985.2398 2.4663172e-14
4987.983 2.4646258e-14
4990.7262 2.4788638e-14
4993.4694 2.4514462e-14
4996.2125 2.4702417e-14
4998.9556 2.499974e-14
5001.6987 2.4905157e-14
5004.4418 2.4683765e-14
5007.1848 2.502331e-14
5009.9278 2.525271e-14
5012.6708 2.5143741e-14
5015.4138 2.5335064e-14
5018.1567 2.5704873e-14
5020.8996 2.5786864e-14
5023.6425 2.5910469e-14
5026.3853 2.5966569e-14
5029.1282 2.5740428e-14
5031.871 2.5877793e-14
5034.6137 2.5034857e-14
5037.3565 2.6000623e-14
5040.0992 2.6263193e-14
5042.8419 2.6091537e-14
5045.5845 2.6562287e-14
5048.3272 2.6499873e-14
5051.0698 2.6769143e-14
5053.8123 2.6931326e-14
5056.5549 2.7194179e-14
5059.2974 2.7957012e-14
5062.0399 2.808788e-14
5064.7824 2.8417606e-14
5067.5248 2.8775729e-14
5070.2672 2.8792219e-14
5073.0096 2.9066359e-14
5075.7519 2.8907869e-14
5078.4943 2.9289498e-14
5081.2365 2.9326395e-14
5083.9788 2.9470296e-14
5086.721 2.9529872e-14
5089.4633 2.9519722e-14
5092.2054 3.0156504e-14
5094.9476 3.0580075e-14
5097.6897 3.0584882e-14
5100.4318 3.1051906e-14
5103.1739 3.0836902e-14
5105.9159 3.1511513e-14
5108.6579 3.1482266e-14
5111.3999 3.1785843e-14
5114.1418 3.1797417e-14
5116.8838 3.1530537e-14
5119.6256 3.278128e-14
5122.3675 3.3059618e-14
5125.1093 3.2521054e-14
5127.8511 3.2848161e-14
5130.5929 3.2603233e-14
5133.3346 3.2445282e-14
5136.0764 3.238354e-14
5138.818 3.275576e-14
5141.5597 3.1891902e-14
5144.3013 3.2093865e-14
5147.0429 3.1852698e-14
5149.7845 3.168281e-14
5152.526 3.1447823e-14
5155.2675 3.1161587e-14
5158.009 3.118716e-14
5160.7504 3.094084e-14
5163.4918 3.0377183e-14
5166.2332 3.0997703e-14
5168.9746 3.0749647e-14
5171.7159 3.062474e-14
5174.4572 3.0435669e-14
5177.1984 3.0713106e-14
5179.9397 3.0466684e-14
5182.6809 3.0433921e-14
5185.422 3.0677907e-14
5188.1632 3.0941209e-14
5190.9043 3.1128844e-14
5193.6454 3.1109467e-14
5196.3864 3.1021423e-14
5199.1274 3.1202075e-14
5201.8684 3.1650518e-14
5204.6093 3.1402076e-14
5207.3503 3.1862113e-14
5210.0911 3.1667153e-14
5212.832 3.1434806e-14
5215.5728 3.1343234e-14
5218.3136 3.1568237e-14
5221.0544 3.1430658e-14
5223.7951 3.1348442e-14
5226.5358 3.1337651e-14
5229.2765 3.0721373e-14
5232.0171 3.0560407e-14
5234.7577 3.0267123e-14
5237.4983 2.9674061e-14
5240.2388 2.8748434e-14
5242.9793 2.8640651e-14
5245.7198 2.7612397e-14
5248.4602 2.67568e-14
5251.2007 2.6630294e-14
5253.941 2.5835904e-14
5256.6814 2.5276195e-14
5259.4217 2.4709281e-14
5262.162 2.4082509e-14
5264.9022 2.3621913e-14
5267.6424 2.3058468e-14
5270.3826 2.2876557e-14
5273.1228 2.2232526e-14
5275.8629 2.2378004e-14
5278.603 2.1807722e-14
5281.343 2.1256316e-14
5284.083 2.1246617e-14
5286.823 2.1075028e-14
5289.563 2.068159e-14
5292.3029 2.0668024e-14
5295.0428 2.0602415e-14
5297.7826 2.0235859e-14
5300.5224 2.063729e-14
5303.2622 2.0553026e-14
5306.002 2.0437096e-14
5308.7417 2.0426662e-14
5311.4814 2.0335277e-14
5314.221 2.0784816e-14
5316.9606 2.0497155e-14
5319.7002 2.0542843e-14
5322.4397 2.0552839e-14
5325.1793 2.0748055e-14
5327.9187 2.0367114e-14
5330.6582 2.0744394e-14
5333.3976 2.1089889e-14
5336.137 2.1296273e-14
5338.8763 2.1169894e-14
5341.6156 2.138489e-14
5344.3549 2.1373245e-14
5347.0941 2.1885654e-14
5349.8333 2.1867978e-14
5352.5725 2.2509443e-14
5355.3116 2.277438e-14
5358.0507 2.2734413e-14
5360.7898 2.3267909e-14
5363.5288 2.3380191e-14
5366.2678 2.3707771e-14
5369.0068 2.3687802e-14
5371.7457 2.3874687e-14
5374.4846 2.377745e-14
5377.2235 2.3654015e-14
5379.9623 2.3887896e-14
5382.7011 2.3749886e-14
5385.4398 2.3857643e-14
5388.1785 2.3737715e-14
5390.9172 2.3846918e-14
5393.6559 2.3975637e-14
5396.3945 2.4030238e-14
5399.133 2.3857398e-14
5401.8716 2.3785822e-14
5404.6101 2.3746799e-14
5407.3485 2.3716936e-14
5410.087 2.360237e-14
5412.8254 2.3333981e-14
5415.5637 2.328045e-14
5418.302 2.3197813e-14
5421.0403 2.2627501e-14
5423.7786 2.2613621e-14
5426.5168 2.2282091e-14
5429.2549 2.1824415e-14
5431.9931 2.1997188e-14
5434.7312 2.164867e-14
5437.4693 2.1199207e-14
5440.2073 2.0986678e-14
5442.9453 2.0391497e-14
5445.6832 2.025714e-14
5448.4211 2.0020334e-14
5451.159 1.9714739e-14
5453.8969 1.920346e-14
5456.6347 1.9228542e-14
5459.3725 1.8807979e-14
5462.1102 1.8460641e-14
5464.8479 1.840494e-14
5467.5855 1.8152885e-14
5470.3232 1.83253e-14
5473.0608 1.8201784e-14
5475.7983 1.8342166e-14
5478.5358 1.8336002e-14
5484.0107 1.8298312e-14
5486.7481 1.8680172e-14
5489.4855 1.8710245e-14
5492.2228 1.8960561e-14
5494.9601 1.9386711e-14
5497.6973 1.9576519e-14
5500.4345 1.9761087e-14
5503.1717 2.0273134e-14
5505.9088 2.0562399e-14
5508.6459 2.0946522e-14
5511.383 2.1158605e-14
5514.12 2.1584763e-14
5516.857 2.1837602e-14
5519.5939 2.2300162e-14
5522.3308 2.2299008e-14
5525.0677 2.2879561e-14
5527.8045 2.3278032e-14
5530.5413 2.3735847e-14
5533.278 2.386704e-14
5536.0147 2.4207036e-14
5538.7514 2.4586503e-14
5541.488 2.4677138e-14
5544.2246 2.5281467e-14
5546.9612 2.547364e-14
5549.6977 2.5672595e-14
5552.4342 2.5510671e-14
5555.1706 2.5812074e-14
5557.907 2.6094741e-14
5560.6434 2.6355683e-14
5563.3797 2.6211922e-14
5566.116 2.6041918e-14
5568.8522 2.5974406e-14
5571.5884 2.5977437e-14
5574.3246 2.5822921e-14
5577.0607 2.5594047e-14
5579.7968 2.5539924e-14
5582.5328 2.5514079e-14
5585.2688 2.5400521e-14
5588.0047 2.513019e-14
5590.7407 2.5321704e-14
5593.4765 2.505136e-14
5596.2124 2.5292443e-14
5598.9482 2.5518943e-14
8000 2.5e-14