1701.1529 4.1952693e-16
1702.6971 3.9040979e-16
1704.2414 3.79091e-16
1705.7856 3.3609621e-16
1707.3299 4.3105413e-16
1708.8742 4.5835339e-16
1710.4184 4.6179446e-16
1711.9627 4.2002987e-16
1713.507 4.2127034e-16
1715.0513 3.5573047e-16
1716.5956 3.414978e-16
1718.1399 3.664008e-16
1719.6843 3.9183239e-16
1721.2286 3.6922234e-16
1722.773 2.9028571e-16
1724.3173 2.5189109e-16
1725.8617 2.3816684e-16
1727.4061 2.6991504e-16
1728.9504 2.9696713e-16
1730.4948 2.8367398e-16
1732.0392 3.0294517e-16
1733.5836 2.9997258e-16
1735.1281 2.3377228e-16
1736.6725 1.9905256e-16
1738.2169 1.9194729e-16
1739.7614 1.7714006e-16
1741.3058 1.4840202e-16
1742.8503 7.6920684e-17
1744.3948 4.4955486e-17
1745.9392 9.3313993e-17
1747.4837 6.3052117e-17
1749.0282 7.3216425e-17
1750.5727 8.9465011e-17
1752.1173 1.2690831e-16
1753.6618 1.3639134e-16
1755.2063 1.8684148e-16
1756.7509 1.8541696e-16
1758.2954 1.9441905e-16
1759.84 1.9582325e-16
1761.3846 1.6850777e-16
1762.9291 1.9714621e-16
1764.4737 1.7409134e-16
1766.0183 1.9910634e-16
1767.5629 2.0534091e-16
1769.1076 2.2616467e-16
1770.6522 1.894635e-16
1772.1968 2.4375635e-16
1773.7415 2.6684645e-16
1775.2861 3.3818915e-16
1776.8308 3.822941e-16
1778.3755 4.010739e-16
1779.9201 4.5295585e-16
1781.4648 4.7647636e-16
1783.0095 4.8961959e-16
1784.5542 5.2217395e-16
1786.0989 5.776284e-16
1787.6437 5.7611886e-16
1789.1884 5.9168288e-16
1790.7332 5.4590638e-16
1792.2779 5.7402524e-16
1793.8227 5.6990498e-16
1795.3674 5.9027369e-16
1796.9122 5.846917e-16
1798.457 6.2070934e-16
1800.0018 6.6243148e-16
1801.5466 6.739468e-16
1803.0914 6.8555857e-16
1804.6362 7.2995995e-16
1806.1811 7.601259e-16
1807.7259 7.7240276e-16
1809.2708 7.9699545e-16
1810.8156 8.0682952e-16
1812.3605 8.3523548e-16
1813.9054 8.2992225e-16
1815.4503 8.1081462e-16
1816.9952 8.1366691e-16
1818.5401 8.688081e-16
1820.085 8.8427604e-16
1821.6299 9.2690382e-16
1823.1748 9.543541e-16
1824.7198 9.8821256e-16
1826.2647 1.0225222e-15
1827.8097 1.0612849e-15
1829.3547 1.1466909e-15
1830.8996 1.2118572e-15
1832.4446 1.275261e-15
1833.9896 1.3247986e-15
1835.5346 1.3638152e-15
1837.0796 1.434689e-15
1838.6247 1.4719617e-15
1840.1697 1.5716533e-15
1841.7147 1.6050759e-15
1843.2598 1.6363616e-15
1844.8048 1.659048e-15
1846.3499 1.6997813e-15
1847.895 1.7136849e-15
1849.4401 1.7192352e-15
1850.9852 1.7780814e-15
1852.5303 1.7813825e-15
1854.0754 1.7863316e-15
1855.6205 1.770497e-15
1857.1656 1.7987111e-15
1858.7108 1.8534696e-15
1860.2559 1.8652451e-15
1861.8011 1.8939719e-15
1863.3462 1.9376689e-15
1864.8914 1.9725427e-15
1866.4366 1.9592091e-15
1867.9818 1.978627e-15
1869.527 2.0432083e-15
1871.0722 2.0819504e-15
1872.6174 2.1396596e-15
1874.1627 2.1568614e-15
1875.7079 2.1901358e-15
1877.2531 2.2284188e-15
1878.7984 2.2823595e-15
1880.3437 2.351316e-15
1881.8889 2.4449856e-15
1883.4342 2.5745786e-15
1884.9795 2.6488477e-15
1886.5248 2.7542223e-15
1888.0701 2.8725885e-15
1889.6155 2.9885129e-15
1891.1608 3.0991289e-15
1892.7061 3.2170981e-15
1894.2515 3.3073216e-15
1895.7968 3.4228871e-15
1897.3422 3.5389062e-15
1898.8876 3.5997301e-15
1900.4329 3.6830266e-15
1901.9783 3.7431396e-15
1903.5237 3.7821416e-15
1905.0691 3.8077217e-15
1906.6146 3.8342552e-15
1908.16 3.8211381e-15
1909.7054 3.850338e-15
1911.2509 3.7836838e-15
1912.7963 3.716045e-15
1914.3418 3.6643305e-15
1915.8873 3.606363e-15
1917.4328 3.5268506e-15
1918.9782 3.4549638e-15
1920.5237 3.412862e-15
1922.0693 3.3272289e-15
1923.6148 3.2511249e-15
1925.1603 3.1245248e-15
1926.7058 3.046858e-15
1928.2514 2.9839294e-15
1929.7969 2.8883636e-15
1931.3425 2.8144436e-15
1932.8881 2.7427628e-15
1934.4336 2.6396831e-15
1935.9792 2.5271052e-15
1937.5248 2.4511207e-15
1939.0704 2.3912552e-15
1940.6161 2.3482204e-15
1942.1617 2.2714807e-15
1943.7073 2.2060489e-15
1945.253 2.1391495e-15
1946.7986 2.0735923e-15
1948.3443 1.9994448e-15
1949.89 1.969285e-15
1951.4356 1.9405235e-15
1952.9813 1.9311255e-15
1954.527 1.8773514e-15
1956.0727 1.8278337e-15
1957.6184 1.8191295e-15
1959.1642 1.8011151e-15
1960.7099 1.7781315e-15
1962.2556 1.7589224e-15
1963.8014 1.7537234e-15
1965.3472 1.7354617e-15
1966.8929 1.7063885e-15
1968.4387 1.68415e-15
1969.9845 1.6746614e-15
1971.5303 1.6638539e-15
1973.0761 1.6636337e-15
1974.6219 1.6680497e-15
1976.1677 1.6631765e-15
1977.7136 1.6590843e-15
1979.2594 1.6825877e-15
1980.8053 1.7082041e-15
1982.3511 1.7548426e-15
1983.897 1.7763252e-15
1985.4429 1.8259692e-15
1986.9888 1.8869084e-15
1988.5347 1.931266e-15
1990.0806 1.9914328e-15
1991.6265 2.0681052e-15
1993.1724 2.1515357e-15
1994.7183 2.2094272e-15
1996.2643 2.239536e-15
1997.8102 2.3000834e-15
1999.3562 2.3976152e-15
2000.9022 2.456986e-15
2002.4481 2.5068649e-15
2003.9941 2.6143932e-15
2005.5401 2.6745401e-15
2007.0861 2.7312611e-15
2008.6321 2.8055055e-15
2010.1782 2.8719018e-15
2011.7242 2.9366167e-15
2013.2702 2.9905941e-15
2014.8163 3.006943e-15
2016.3624 3.0505758e-15
2017.9084 3.0783824e-15
2019.4545 3.1019617e-15
2021.0006 3.1089043e-15
2022.5467 3.1085809e-15
2024.0928 3.0960641e-15
2025.6389 3.0842229e-15
2027.185 3.0896285e-15
2028.7311 3.0851641e-15
2030.2773 3.0522791e-15
2031.8234 3.0448248e-15
2033.3696 3.0506293e-15
2034.9158 2.989538e-15
2036.4619 2.9556338e-15
2038.0081 2.9579964e-15
2039.5543 2.950608e-15
2041.1005 2.929545e-15
2042.6467 2.9320796e-15
2044.193 2.8915347e-15
2045.7392 2.8919856e-15
2047.2854 2.8569869e-15
2048.8317 2.8578344e-15
2050.3779 2.8684108e-15
2051.9242 2.861839e-15
2053.4705 2.8433403e-15
2055.0168 2.796908e-15
2056.5631 2.7763741e-15
2058.1094 2.7341023e-15
2059.6557 2.7347096e-15
2061.202 2.7255875e-15
2062.7483 2.7178408e-15
2064.2947 2.6777669e-15
2065.841 2.657988e-15
2067.3874 2.6415513e-15
2068.9337 2.6253519e-15
2070.4801 2.6223893e-15
2072.0265 2.5914608e-15
2073.5729 2.5547337e-15
2075.1193 2.5128549e-15
2076.6657 2.447187e-15
2078.2121 2.404148e-15
2079.7585 2.3729905e-15
2081.305 2.350407e-15
2082.8514 2.3274452e-15
2084.3979 2.2630059e-15
2085.9444 2.2296238e-15
2087.4908 2.2017372e-15
2089.0373 2.1837798e-15
2090.5838 2.1632334e-15
2092.1303 2.1726708e-15
2093.6768 2.1697051e-15
2095.2233 2.1497688e-15
2096.7699 2.1238433e-15
2098.3164 2.1017203e-15
2099.8629 2.1135106e-15
2101.4095 2.0972935e-15
2102.9561 2.0918419e-15
2104.5026 2.0704344e-15
2106.0492 2.0668482e-15
2107.5958 2.0387981e-15
2109.1424 2.0092987e-15
2110.689 1.9697574e-15
2112.2356 1.9472085e-15
2113.7823 1.9301764e-15
2115.3289 1.8852923e-15
2116.8756 1.8673063e-15
2118.4222 1.867693e-15
2119.9689 1.8418607e-15
2121.5155 1.8139366e-15
2123.0622 1.8113185e-15
2124.6089 1.7954457e-15
2126.1556 1.7987609e-15
2127.7023 1.7974198e-15
2129.249 1.7934577e-15
2130.7958 1.8231897e-15
2132.3425 1.8393191e-15
2133.8893 1.8433942e-15
2135.436 1.8812734e-15
2136.9828 1.9073679e-15
2138.5295 1.9427456e-15
2140.0763 1.9654151e-15
2141.6231 1.9912606e-15
2143.1699 2.0101607e-15
2144.7167 2.0258813e-15
2146.2635 2.0478458e-15
2147.8104 2.0618146e-15
2149.3572 2.0833956e-15
2150.9041 2.0859629e-15
2152.4509 2.1019773e-15
2153.9978 2.0769128e-15
2155.5446 2.0903209e-15
2157.0915 2.0987864e-15
2158.6384 2.0678071e-15
2160.1853 2.078914e-15
2161.7322 2.0648514e-15
2163.2791 2.0256157e-15
2164.8261 1.9996939e-15
2166.373 1.9883249e-15
2167.9199 1.9607685e-15
2169.4669 1.9407182e-15
2171.0139 1.9114288e-15
2172.5608 1.8754075e-15
2174.1078 1.8491373e-15
2175.6548 1.8083985e-15
2177.2018 1.7854629e-15
2178.7488 1.7911356e-15
2180.2958 1.7707327e-15
2181.8428 1.7561201e-15
2183.3899 1.7376961e-15
2184.9369 1.7364164e-15
2186.484 1.71742e-15
2188.031 1.7113293e-15
2189.5781 1.7319363e-15
2191.1252 1.7182289e-15
2192.6723 1.7083e-15
2194.2194 1.6919632e-15
2195.7665 1.6800658e-15
2197.3136 1.66678e-15
2198.8607 1.6377559e-15
2200.4079 1.6171547e-15
2201.955 1.6040664e-15
2203.5022 1.5917458e-15
2205.0493 1.5567091e-15
2206.5965 1.5296178e-15
2208.1437 1.5250633e-15
2209.6909 1.5169557e-15
2211.2381 1.5033806e-15
2212.7853 1.4865195e-15
2214.3325 1.4748101e-15
2215.8797 1.4836484e-15
2217.4269 1.4542089e-15
2218.9742 1.4160604e-15
2220.5214 1.4093317e-15
2222.0687 1.4295953e-15
2223.616 1.3898675e-15
2225.1632 1.3863844e-15
2226.7105 1.3629959e-15
2228.2578 1.34305e-15
2229.8051 1.3356587e-15
2231.3524 1.2968674e-15
2232.8998 1.2939608e-15
2234.4471 1.3047645e-15
2235.9944 1.2833665e-15
2237.5418 1.2578114e-15
2239.0891 1.2545664e-15
2240.6365 1.2105959e-15
2242.1839 1.1894016e-15
2243.7313 1.1706083e-15
2245.2787 1.1601682e-15
2246.8261 1.1367705e-15
2248.3735 1.1428372e-15
2249.9209 1.1047551e-15
2251.4684 1.1014988e-15
2253.0158 1.0669352e-15
2254.5632 1.0609215e-15
2256.1107 1.054035e-15
2257.6582 1.0493192e-15
2259.2057 1.0531593e-15
2260.7531 1.0375249e-15
2262.3006 1.0282799e-15
2263.8481 1.0078625e-15
2265.3957 1.0139759e-15
2266.9432 9.9702201e-16
2268.4907 9.9339078e-16
2270.0383 9.7435401e-16
2271.5858 9.725073e-16
2273.1334 9.6184338e-16
2274.6809 9.4071579e-16
2276.2285 9.3559331e-16
2277.7761 9.4074684e-16
2279.3237 9.1832205e-16
2280.8713 9.1796745e-16
2282.4189 9.2967215e-16
2283.9665 9.4496188e-16
2285.5142 9.4306341e-16
2287.0618 9.5063888e-16
2288.6095 9.4931918e-16
2290.1571 9.6126826e-16
2291.7048 9.7570939e-16
2293.2525 9.9162835e-16
2294.8001 1.0259226e-15
2296.3478 1.0511308e-15
2297.8955 1.0654862e-15
2299.4433 1.0853851e-15
2300.991 1.1210664e-15
2302.5387 1.1436802e-15
2304.0864 1.1941916e-15
2305.6342 1.2374644e-15
2307.182 1.2909547e-15
2308.7297 1.3442457e-15
2310.2775 1.3924503e-15
2311.8253 1.4211499e-15
2313.3731 1.4824757e-15
2314.9209 1.5439398e-15
2316.4687 1.621857e-15
2318.0165 1.6883503e-15
2319.5643 1.7534987e-15
2321.1122 1.828897e-15
2322.66 1.8981579e-15
2324.2079 1.9634194e-15
2325.7558 2.0462509e-15
2327.3036 2.1361335e-15
2328.8515 2.1824069e-15
2330.3994 2.2502255e-15
2331.9473 2.3037197e-15
2333.4952 2.3944949e-15
2335.0432 2.4721379e-15
2336.5911 2.5050652e-15
2338.139 2.5507183e-15
2339.687 2.6075796e-15
2341.2349 2.6674914e-15
2342.7829 2.7334033e-15
2344.3309 2.8182764e-15
2345.8789 2.8716073e-15
2347.4268 2.9262597e-15
2348.9749 2.9783476e-15
2350.5229 3.0345922e-15
2352.0709 3.1414034e-15
2353.6189 3.1998563e-15
2355.167 3.2654378e-15
2356.715 3.3174255e-15
2358.2631 3.365084e-15
2359.8111 3.4211461e-15
2361.3592 3.4822906e-15
2362.9073 3.5555809e-15
2364.4554 3.6237522e-15
2366.0035 3.6648721e-15
2367.5516 3.6535076e-15
2369.0997 3.6692477e-15
2370.6478 3.6928015e-15
2372.196 3.7152535e-15
2373.7441 3.7282298e-15
2375.2923 3.7235002e-15
2376.8405 3.7159993e-15
2378.3886 3.7249176e-15
2379.9368 3.7205349e-15
2381.485 3.7360038e-15
2383.0332 3.7995673e-15
2384.5814 3.843298e-15
2386.1296 3.8639645e-15
2387.6779 3.8649425e-15
2389.2261 3.8724077e-15
2390.7744 3.8763725e-15
2392.3226 3.9153996e-15
2393.8709 3.9183899e-15
2395.4192 3.9125372e-15
2396.9674 3.9017431e-15
2398.5157 3.8523387e-15
2400.064 3.8361725e-15
2401.6123 3.829334e-15
2403.1607 3.8410181e-15
2404.709 3.8345861e-15
2406.2573 3.8507918e-15
2407.8057 3.8211458e-15
2409.354 3.7967819e-15
2410.9024 3.751338e-15
2412.4508 3.7422436e-15
2413.9992 3.7450536e-15
2415.5475 3.7083732e-15
2417.0959 3.674666e-15
2418.6444 3.6624687e-15
2420.1928 3.641039e-15
2421.7412 3.6157648e-15
2423.2896 3.5847755e-15
2424.8381 3.579588e-15
2426.3865 3.5756769e-15
2427.935 3.5378307e-15
2429.4835 3.5159111e-15
2431.032 3.5109357e-15
2432.5805 3.5077855e-15
2434.129 3.4512491e-15
2435.6775 3.4393046e-15
2437.226 3.4117793e-15
2438.7745 3.4021031e-15
2440.3231 3.3387309e-15
2441.8716 3.3114525e-15
2443.4202 3.2748678e-15
2444.9687 3.2138819e-15
2446.5173 3.1614474e-15
2448.0659 3.1060962e-15
2449.6145 3.0590161e-15
2451.1631 2.9935233e-15
2452.7117 2.9399083e-15
2454.2603 2.8727305e-15
2455.8089 2.8294285e-15
2457.3576 2.7656091e-15
2458.9062 2.7162051e-15
2460.4549 2.6935664e-15
2462.0035 2.6575148e-15
2463.5522 2.593384e-15
2465.1009 2.5566666e-15
2466.6496 2.4959925e-15
2468.1983 2.4632914e-15
2469.747 2.4183858e-15
2471.2957 2.3694765e-15
2472.8444 2.3347936e-15
2474.3932 2.2825829e-15
2475.9419 2.2275562e-15
2477.4907 2.1810432e-15
2479.0394 2.1318394e-15
2480.5882 2.0923539e-15
2482.137 2.0817376e-15
2483.6858 2.024042e-15
2485.2346 2.0065687e-15
2486.7834 1.9811048e-15
2488.3322 1.9510266e-15
2489.881 1.9367029e-15
2491.4299 1.917616e-15
2492.9787 1.8917092e-15
2494.5276 1.8954154e-15
2496.0764 1.8737267e-15
2497.6253 1.8699465e-15
2499.1742 1.8607113e-15
2500.7231 1.8496415e-15
2502.272 1.8485642e-15
2503.8209 1.8623509e-15
2505.3698 1.8775979e-15
2506.9188 1.9028068e-15
2508.4677 1.9360356e-15
2510.0166 1.9678269e-15
2511.5656 2.0273751e-15
2513.1146 2.0817533e-15
2514.6635 2.1574741e-15
2516.2125 2.2101653e-15
2517.7615 2.2913239e-15
2519.3105 2.361431e-15
2520.8595 2.4427363e-15
2522.4085 2.5135194e-15
2523.9576 2.6011213e-15
2525.5066 2.699698e-15
2527.0556 2.7836908e-15
2528.6047 2.8929964e-15
2530.1538 2.9818847e-15
2531.7028 3.1114947e-15
2533.2519 3.2367023e-15
2534.801 3.3711034e-15
2536.3501 3.498579e-15
2537.8992 3.629133e-15
2539.4483 3.7774806e-15
2540.9975 3.9125721e-15
2542.5466 4.0211367e-15
2544.0957 4.1342799e-15
2545.6449 4.2640655e-15
2547.1941 4.3769723e-15
2548.7432 4.4532664e-15
2550.2924 4.525381e-15
2551.8416 4.5802581e-15
2553.3908 4.6229548e-15
2554.94 4.6494045e-15
2556.4892 4.6675121e-15
2558.0385 4.6961869e-15
2559.5877 4.6800646e-15
2561.1369 4.6932675e-15
2562.6862 4.6745554e-15
2564.2354 4.6680785e-15
2565.7847 4.6618303e-15
2567.334 4.6519052e-15
2568.8833 4.6753932e-15
2570.4326 4.7001152e-15
2571.9819 4.6887144e-15
2573.5312 4.7017339e-15
2575.0805 4.7293846e-15
2576.6299 4.7126984e-15
2578.1792 4.6931208e-15
2579.7286 4.6745134e-15
2581.2779 4.6573867e-15
2582.8273 4.68084e-15
2584.3767 4.6822226e-15
2585.9261 4.6720088e-15
2587.4755 4.7042488e-15
2589.0249 4.714399e-15
2590.5743 4.7225904e-15
2592.1237 4.7200965e-15
2593.6732 4.6839073e-15
2595.2226 4.7165417e-15
2596.7721 4.7276219e-15
2598.3215 4.7237815e-15
2599.871 4.7001707e-15
2601.4205 4.6963472e-15
2602.97 4.6719559e-15
2604.5195 4.6391312e-15
2606.069 4.6048281e-15
2607.6185 4.5805288e-15
2609.168 4.6019947e-15
2610.7176 4.5626052e-15
2612.2671 4.5350977e-15
2613.8167 4.4601996e-15
2615.3662 4.4260027e-15
2616.9158 4.3614677e-15
2618.4654 4.2991083e-15
2620.015 4.2225502e-15
2621.5646 4.148102e-15
2623.1142 4.0826893e-15
2624.6638 4.0402228e-15
2626.2134 3.9476179e-15
2627.7631 3.8732345e-15
2629.3127 3.8320622e-15
2630.8624 3.7457341e-15
2632.412 3.6733419e-15
2633.9617 3.5753065e-15
2635.5114 3.5004453e-15
2637.0611 3.4216298e-15
2638.6108 3.3640306e-15
2640.1605 3.273783e-15
2641.7102 3.2218814e-15
2643.2599 3.1469772e-15
2644.8097 3.0885744e-15
2646.3594 3.0417174e-15
2647.9092 2.9694287e-15
2649.4589 2.9347802e-15
2651.0087 2.9097448e-15
2652.5585 2.8785963e-15
2654.1083 2.8239126e-15
2655.6581 2.7907147e-15
2657.2079 2.7809882e-15
2658.7577 2.7947079e-15
2660.3075 2.759059e-15
2661.8574 2.7369839e-15
2663.4072 2.745286e-15
2664.9571 2.7383464e-15
2666.5069 2.7471225e-15
2668.0568 2.773539e-15
2669.6067 2.8122394e-15
2671.1566 2.843832e-15
2672.7065 2.8586791e-15
2674.2564 2.8727521e-15
2675.8063 2.9439384e-15
2677.3562 3.0171242e-15
2678.9061 3.0889907e-15
2680.4561 3.1804319e-15
2682.006 3.2651875e-15
2683.556 3.3311587e-15
2685.106 3.4100221e-15
2686.656 3.5239919e-15
2688.206 3.6179839e-15
2689.756 3.714365e-15
2691.306 3.8240714e-15
2692.856 3.9361293e-15
2694.406 4.0378396e-15
2695.956 4.1363629e-15
2697.5061 4.2555331e-15
2699.0561 4.3814602e-15
2700.6062 4.5240106e-15
2702.1563 4.6407559e-15
2703.7064 4.8057662e-15
2705.2564 4.9723591e-15
2706.8065 5.0794864e-15
2708.3567 5.1906102e-15
2709.9068 5.3156375e-15
2711.4569 5.4612666e-15
2713.007 5.5987741e-15
2714.5572 5.7253523e-15
2716.1073 5.8227095e-15
2717.6575 5.9498037e-15
2719.2077 5.9969995e-15
2720.7578 6.0370688e-15
2722.308 6.1386585e-15
2723.8582 6.2096025e-15
2725.4084 6.263331e-15
2726.9587 6.2841003e-15
2728.5089 6.3091536e-15
2730.0591 6.3304576e-15
2731.6094 6.3782457e-15
2733.1596 6.3894569e-15
2734.7099 6.4232658e-15
2736.2602 6.4712528e-15
2737.8104 6.4673878e-15
2739.3607 6.5026122e-15
2740.911 6.5540776e-15
2742.4613 6.5931286e-15
2744.0117 6.6378319e-15
2745.562 6.6983611e-15
2747.1123 6.7311609e-15
2748.6627 6.7634358e-15
2750.213 6.844907e-15
2751.7634 6.8844511e-15
2753.3138 6.931108e-15
2754.8641 7.013109e-15
2756.4145 7.0494097e-15
2757.9649 7.1643861e-15
2759.5153 7.2194892e-15
2761.0658 7.2781352e-15
2762.6162 7.3585402e-15
2764.1666 7.445179e-15
2765.7171 7.5370441e-15
2767.2675 7.6443189e-15
2768.818 7.7789863e-15
2770.3685 7.8167301e-15
2771.9189 7.9214055e-15
2773.4694 7.9723444e-15
2775.0199 8.0736697e-15
2776.5704 8.1752781e-15
2778.121 8.2745166e-15
2779.6715 8.3720954e-15
2781.222 8.4529876e-15
2782.7726 8.553448e-15
2784.3231 8.6598228e-15
2785.8737 8.8101316e-15
2787.4243 8.8729643e-15
2788.9748 8.8535501e-15
2790.5254 8.8075739e-15
2792.076 8.9192751e-15
2793.6266 8.9239375e-15
2795.1772 8.9280086e-15
2796.7279 8.8416383e-15
2798.2785 8.8469006e-15
2799.8292 8.8621964e-15
2801.3798 8.9021596e-15
2802.9305 9.0007284e-15
2804.4811 9.1802382e-15
2806.0318 9.3376427e-15
2807.5825 9.3316272e-15
2809.1332 9.3918542e-15
2810.6839 9.4907486e-15
2812.2346 9.6462175e-15
2813.7854 9.7167142e-15
2815.3361 9.7507077e-15
2816.8869 9.7356938e-15
2818.4376 9.7413471e-15
2819.9884 9.6749192e-15
2821.5391 9.6735679e-15
2823.0899 9.730131e-15
2824.6407 9.768821e-15
2826.1915 9.7753565e-15
2827.7423 9.8429962e-15
2829.2931 9.8876338e-15
2830.844 9.9241706e-15
2832.3948 9.9880454e-15
2833.9457 1.0049505e-14
2835.4965 1.0169296e-14
2837.0474 1.0313012e-14
2838.5983 1.0382975e-14
2840.1491 1.0515894e-14
2841.7 1.0656797e-14
2843.2509 1.0769223e-14
2844.8018 1.0871456e-14
2846.3528 1.0986125e-14
2847.9037 1.1125777e-14
2849.4546 1.1330565e-14
2851.0056 1.1466125e-14
2852.5565 1.1567698e-14
2854.1075 1.174063e-14
2855.6585 1.1915023e-14
2857.2094 1.2092318e-14
2858.7604 1.2215741e-14
2860.3114 1.2382422e-14
2861.8624 1.2536958e-14
2863.4135 1.2678321e-14
2864.9645 1.2769051e-14
2866.5155 1.2903529e-14
2868.0666 1.3031269e-14
2869.6176 1.3163478e-14
2871.1687 1.3310278e-14
2872.7198 1.3410526e-14
2874.2708 1.3605854e-14
2875.8219 1.376834e-14
2877.373 1.3992088e-14
2878.9241 1.4236425e-14
2880.4753 1.4395434e-14
2882.0264 1.4647686e-14
2883.5775 1.4878974e-14
2885.1287 1.5117591e-14
2886.6798 1.534499e-14
2888.231 1.5646767e-14
2889.7822 1.5913521e-14
2891.3334 1.6204229e-14
2892.8845 1.6493701e-14
2894.4357 1.6766943e-14
2895.987 1.7173234e-14
2897.5382 1.7522363e-14
2899.0894 1.7886181e-14
2900.6406 1.8194022e-14
2902.1919 1.8472203e-14
2903.7431 1.8788701e-14
2905.2944 1.9086237e-14
2906.8457 1.9334414e-14
2908.397 1.9531345e-14
2909.9483 1.9695349e-14
2911.4996 1.980398e-14
2913.0509 1.9975407e-14
2914.6022 2.0098407e-14
2916.1535 2.0139883e-14
2917.7049 2.0273927e-14
2919.2562 2.0284756e-14
2920.8076 2.0194618e-14
2922.3589 2.0197062e-14
2923.9103 2.0217031e-14
2925.4617 2.0213576e-14
2927.0131 2.0203452e-14
2928.5645 2.0146158e-14
2930.1159 2.0039983e-14
2931.6673 2.0052521e-14
2933.2187 1.9923736e-14
2934.7702 1.9946817e-14
2936.3216 2.0040771e-14
2937.8731 2.0109766e-14
2939.4245 2.0088351e-14
2940.976 2.0135793e-14
2942.5275 2.013348e-14
2944.079 2.0122458e-14
2945.6305 2.0224557e-14
2947.182 2.0262536e-14
2948.7335 2.0330708e-14
2950.2851 2.0257526e-14
2951.8366 2.0241393e-14
2953.3881 2.025498e-14
2954.9397 2.0268055e-14
2956.4913 2.0245691e-14
2958.0428 2.0275968e-14
2959.5944 2.0330525e-14
2961.146 2.0271289e-14
2962.6976 2.025865e-14
2964.2492 2.0246027e-14
2965.8008 2.0198964e-14
2967.3525 2.018265e-14
2968.9041 2.0013863e-14
2970.4558 1.9986826e-14
2972.0074 1.9918559e-14
2973.5591 1.9716119e-14
2975.1108 1.9587723e-14
2976.6624 1.9597719e-14
2978.2141 1.9469082e-14
2979.7658 1.9411682e-14
2981.3176 1.9381071e-14
2982.8693 1.9295199e-14
2984.421 1.9282375e-14
2985.9727 1.9204409e-14
2987.5245 1.9158894e-14
2989.0762 1.9220878e-14
2990.628 1.9115486e-14
2992.1798 1.8952988e-14
2993.7316 1.8923146e-14
2995.2834 1.881163e-14
2996.8352 1.8641904e-14
2998.387 1.8593965e-14
2999.9388 1.8451807e-14
3002.3809 1.6732653e-14
3005.1265 2.1030219e-14
3007.8721 1.660055e-14
3010.6177 1.9169513e-14
3013.3633 1.8123203e-14
3016.109 1.9380708e-14
3018.8547 1.6275435e-14
3021.6004 1.7536591e-14
3024.3461 1.8526806e-14
3027.0918 1.7798924e-14
3029.8376 1.6360528e-14
3032.5834 1.5652376e-14
3035.3292 1.6065244e-14
3038.075 1.571185e-14
3040.8208 1.8983714e-14
3043.5667 1.8240251e-14
3046.3125 1.9092672e-14
3049.0584 1.7926753e-14
3051.8044 1.9341394e-14
3054.5503 1.8770013e-14
3057.2962 1.990923e-14
3060.0422 1.8537028e-14
3062.7882 1.9322924e-14
3065.5342 1.788445e-14
3068.2802 1.6996323e-14
3071.0263 1.6574653e-14
3073.7723 1.7380974e-14
3076.5184 1.7207586e-14
3079.2645 1.6949324e-14
3082.0106 1.7881382e-14
3084.7567 1.9112961e-14
3087.5029 1.8160237e-14
3090.2491 1.8055768e-14
3092.9952 1.5838259e-14
3095.7415 1.6461154e-14
3098.4877 1.7028445e-14
3101.2339 1.6567385e-14
3103.9802 1.7103535e-14
3106.7265 1.5734393e-14
3109.4728 1.7851202e-14
3112.2191 1.5614344e-14
3114.9654 1.7380699e-14
3117.7117 1.5609152e-14
3120.4581 1.7018993e-14
3123.2045 1.7412018e-14
3125.9509 1.4659218e-14
3128.6973 1.7617735e-14
3131.4437 2.1342686e-14
3134.1902 1.9903185e-14
3136.9366 1.7349786e-14
3139.6831 1.9318945e-14
3142.4296 1.9023923e-14
3145.1762 1.961071e-14
3147.9227 2.1689622e-14
3150.6692 2.3552395e-14
3153.4158 2.1910438e-14
3156.1624 2.1416301e-14
3158.909 2.3236318e-14
3161.6556 2.4086283e-14
3164.4022 2.022459e-14
3167.1489 2.2248579e-14
3169.8956 2.2136661e-14
3172.6422 2.3228999e-14
3175.3889 2.4212162e-14
3178.1356 2.2572622e-14
3180.8824 2.4994985e-14
3183.6291 2.4335014e-14
3186.3759 2.7808846e-14
3189.1227 2.4883756e-14
3191.8695 2.4500162e-14
3194.6163 2.485894e-14
3197.3631 2.3995227e-14
3200.1099 2.5042124e-14
3202.8568 2.5390875e-14
3205.6037 2.522653e-14
3208.3505 2.4382091e-14
3211.0974 2.5274074e-14
3213.8444 2.4999988e-14
3216.5913 2.385814e-14
3219.3382 2.3933068e-14
3222.0852 2.2507847e-14
3224.8322 2.3688462e-14
3227.5792 2.2736404e-14
3230.3262 2.2434587e-14
3233.0732 2.0583202e-14
3235.8202 2.0788216e-14
3238.5673 2.1710124e-14
3241.3143 2.2944293e-14
3244.0614 2.0525253e-14
3246.8085 2.0625605e-14
3249.5556 2.1611817e-14
3252.3027 2.1999245e-14
3255.0499 2.2783062e-14
3257.797 2.1909673e-14
3260.5442 2.1983478e-14
3263.2914 2.1213547e-14
3266.0386 2.3571604e-14
3268.7858 2.4914837e-14
3271.533 2.3222887e-14
3274.2802 2.3949611e-14
3277.0275 2.2953973e-14
3279.7747 2.320442e-14
3282.522 2.2429937e-14
3285.2693 2.3828473e-14
3288.0166 2.3694224e-14
3290.7639 2.2318976e-14
3293.5112 2.4343973e-14
3296.2586 2.4281639e-14
3299.0059 2.3979211e-14
3301.7533 2.5250095e-14
3304.5007 2.497373e-14
3307.2481 2.4712984e-14
3309.9955 2.4485563e-14
3312.7429 2.581443e-14
3315.4903 2.5172296e-14
3318.2378 2.7076428e-14
3320.9852 2.5256786e-14
3323.7327 2.5919359e-14
3326.4802 2.7880733e-14
3329.2277 2.6464189e-14
3331.9752 2.9307946e-14
3334.7227 2.9508676e-14
3337.4703 2.8214202e-14
3340.2178 2.9543764e-14
3342.9654 3.0166984e-14
3345.7129 3.1188471e-14
3351.2081 3.0867009e-14
3353.9557 3.1491093e-14
3356.7033 3.3298241e-14
3359.451 3.4459228e-14
3362.1986 3.4524389e-14
3364.9463 3.3639808e-14
3367.6939 3.377738e-14
3370.4416 3.4056715e-14
3373.1893 3.4016985e-14
3375.937 3.5827088e-14
3378.6847 3.4212145e-14
3381.4324 3.5113829e-14
3384.1801 3.3605646e-14
3386.9279 3.519553e-14
3389.6756 3.948271e-14
3392.4234 3.6067144e-14
3395.1712 3.6285031e-14
3397.919 3.6003583e-14
3400.6668 3.5712756e-14
3403.4146 3.8272276e-14
3406.1624 3.8333438e-14
3408.9102 3.9698927e-14
3411.6581 3.8353194e-14
3414.4059 3.9036743e-14
3417.1538 3.6946188e-14
3419.9016 3.9237941e-14
3422.6495 4.0288184e-14
3425.3974 4.3750214e-14
3428.1453 4.2703762e-14
3430.8932 4.3739684e-14
3433.6412 4.2865749e-14
3436.3891 4.5266657e-14
3439.137 4.2573987e-14
3441.885 4.4718542e-14
3444.6329 4.4773159e-14
3447.3809 4.6178085e-14
3450.1289 4.4313132e-14
3452.8769 4.5713535e-14
3455.6249 4.6090153e-14
3458.3729 4.6799482e-14
3461.1209 4.6806953e-14
3463.869 4.7601015e-14
3466.617 4.696261e-14
3469.365 4.868824e-14
3472.1131 4.7223405e-14
3474.8612 4.6764963e-14
3477.6092 4.8089869e-14
3480.3573 4.790964e-14
3483.1054 4.4024324e-14
3485.8535 4.644491e-14
3488.6016 4.6823144e-14
3491.3497 4.8796186e-14
3494.0979 4.3564439e-14
3496.846 4.4404398e-14
3499.5941 4.5585382e-14
3502.3423 4.4722252e-14
3505.0905 4.6618881e-14
3507.8386 4.7150987e-14
3510.5868 4.8332147e-14
3513.335 4.7563116e-14
3516.0832 4.7605833e-14
3518.8314 4.8990932e-14
3521.5796 4.9629534e-14
3524.3278 5.1132421e-14
3527.076 5.2028114e-14
3529.8243 5.3383435e-14
3532.5725 5.6344909e-14
3535.3208 5.8358219e-14
3538.069 5.7045731e-14
3540.8173 5.8403403e-14
3543.5656 5.8364256e-14
3546.3138 6.1310806e-14
3549.0621 5.7665962e-14
3551.8104 5.8302565e-14
3554.5587 6.2016127e-14
3557.307 5.7922153e-14
3560.0553 5.9832192e-14
3562.8037 5.926306e-14
3565.552 5.8733766e-14
3568.3003 5.9139224e-14
3571.0487 5.8988188e-14
3573.797 5.8422708e-14
3576.5454 5.5449365e-14
3579.2937 5.7039483e-14
3582.0421 5.8801e-14
3584.7905 5.7849464e-14
3587.5389 5.6834427e-14
3590.2873 5.9204865e-14
3593.0356 6.1300445e-14
3595.7841 6.2095355e-14
3598.5325 6.0645973e-14
3601.2809 6.2333114e-14
3604.0293 6.2117608e-14
3606.7777 6.4608848e-14
3609.5261 6.4035176e-14
3612.2746 6.5430171e-14
3615.023 6.3632896e-14
3617.7715 6.1426558e-14
3620.5199 6.4068319e-14
3623.2684 6.1672659e-14
3626.0169 6.1691639e-14
3628.7653 6.2147065e-14
3631.5138 6.1767716e-14
3634.2623 6.2855943e-14
3637.0108 6.2038177e-14
3639.7593 6.2535812e-14
3642.5078 6.2798569e-14
3645.2563 6.5809859e-14
3648.0048 6.4915697e-14
3650.7533 6.9019138e-14
3653.5018 6.6682723e-14
3656.2503 7.1211707e-14
3658.9989 6.7818648e-14
3661.7474 7.2579367e-14
3664.4959 7.3274516e-14
3667.2445 7.5190329e-14
3669.993 7.6533723e-14
3672.7416 7.6748734e-14
3675.4901 8.013711e-14
3678.2387 7.9628924e-14
3680.9872 8.1234532e-14
3683.7358 7.9525904e-14
3686.4844 7.9358029e-14
3689.2329 8.0510353e-14
3691.9815 8.2483154e-14
3694.7301 8.2611848e-14
3697.4787 8.1327184e-14
3700.2273 8.1209826e-14
3702.9759 7.6376785e-14
3705.7245 7.5145619e-14
3708.4731 7.5295896e-14
3711.2217 7.0178137e-14
3713.9703 6.5331055e-14
3716.7189 6.5387637e-14
3719.4675 6.44596e-14
3722.2161 6.1129256e-14
3724.9648 5.9131377e-14
3727.7134 5.7663584e-14
3730.462 5.3554874e-14
3733.2106 5.1931448e-14
3735.9593 4.8984088e-14
3738.7079 4.8981469e-14
3741.4565 4.7251692e-14
3744.2052 4.5731709e-14
3746.9538 4.4612602e-14
3749.7025 4.3685565e-14
3752.4511 4.3243739e-14
3755.1998 4.4504995e-14
3757.9484 4.2945377e-14
3760.6971 4.3181028e-14
3763.4458 4.2755821e-14
3766.1944 4.2006224e-14
3768.9431 4.3141414e-14
3771.6918 4.3649451e-14
3774.4404 4.2380623e-14
3777.1891 4.0733354e-14
3779.9378 4.1182054e-14
3782.6864 4.0947494e-14
3785.4351 4.0111323e-14
3788.1838 3.802111e-14
3790.9325 3.837805e-14
3793.6812 3.7872713e-14
3796.4298 3.612375e-14
3799.1785 3.7174206e-14
3801.9272 3.7619413e-14
3804.6759 3.736017e-14
3807.4246 3.7944914e-14
3810.1733 3.7190815e-14
3812.922 3.6716513e-14
3815.6707 3.6927435e-14
3818.4193 3.7121378e-14
3821.168 3.8398304e-14
3823.9167 3.6153314e-14
3826.6654 3.8163805e-14
3829.4141 3.904497e-14
3832.1628 3.8706973e-14
3834.9115 3.9546362e-14
3837.6602 3.9027477e-14
3840.4089 4.1238473e-14
3843.1576 4.3056938e-14
3845.9063 4.3328036e-14
3848.655 4.2838867e-14
3851.4037 4.5128303e-14
3854.1524 4.7155639e-14
3856.9011 4.9872632e-14
3859.6498 5.0636612e-14
3862.3985 5.2462324e-14
3865.1472 5.3392488e-14
3867.8959 5.6591379e-14
3870.6446 5.9107335e-14
3873.3933 5.9391097e-14
3876.142 6.423824e-14
3878.8907 6.6085558e-14
3881.6394 6.7933188e-14
3884.3881 7.2557981e-14
3887.1368 7.7261785e-14
3889.8855 7.6514709e-14
3892.6342 7.9128625e-14
3895.3829 8.1051539e-14
3898.1316 8.224158e-14
3900.8803 8.4410018e-14
3903.629 8.8080564e-14
3906.3777 8.7713311e-14
3909.1263 8.8653856e-14
3911.875 8.9424846e-14
3914.6237 8.9834519e-14
3917.3724 8.9766553e-14
3920.1211 9.0804968e-14
3922.8698 9.1231534e-14
3925.6185 9.2988612e-14
3928.3671 9.2967179e-14
3931.1158 9.3513264e-14
3933.8645 9.1606308e-14
3936.6132 9.2928384e-14
3939.3618 9.4142481e-14
3942.1105 9.4583663e-14
3944.8592 9.4769712e-14
3947.6078 9.6456121e-14
3950.3565 9.7222008e-14
3953.1052 9.8742032e-14
3955.8538 9.7464117e-14
3958.6025 9.9139054e-14
3961.3512 1.0054293e-13
3964.0998 9.8888074e-14
3966.8485 1.0098652e-13
3969.5971 1.0065389e-13
3972.3458 1.0066613e-13
3975.0944 1.0113087e-13
3977.843 9.7661401e-14
3980.5917 9.7115892e-14
3983.3403 9.483906e-14
3986.0889 9.4009646e-14
3988.8376 8.9617367e-14
3991.5862 8.9459513e-14
3994.3348 8.542658e-14
3997.0834 8.3532444e-14
3999.8321 8.0973029e-14
4002.5807 7.9047073e-14
4005.3293 7.8389572e-14
4008.0779 7.7283022e-14
4010.8265 7.5729143e-14
4013.5751 7.4257474e-14
4016.3237 7.3501704e-14
4019.0723 7.1922814e-14
4021.8209 7.121914e-14
4024.5695 7.0480643e-14
4027.318 7.0779598e-14
4030.0666 6.7633101e-14
4032.8152 6.9306946e-14
4035.5638 6.9594199e-14
4038.3123 6.8647623e-14
4041.0609 7.017073e-14
4043.8094 6.9401739e-14
4046.558 7.072841e-14
4049.3065 7.1685767e-14
4052.0551 7.043907e-14
4054.8036 7.3891576e-14
4057.5522 7.4187293e-14
4060.3007 7.5265335e-14
4063.0492 7.4623941e-14
4065.7977 7.9260498e-14
4068.5462 7.853638e-14
4071.2948 7.9258377e-14
4074.0433 7.9862989e-14
4076.7918 8.115052e-14
4079.5403 8.1019847e-14
4082.2887 8.0773624e-14
4085.0372 8.3033901e-14
4087.7857 8.0601988e-14
4090.5342 8.0224781e-14
4093.2827 8.2010143e-14
4096.0311 8.1629914e-14
4098.7796 7.9937576e-14
4101.528 8.0661951e-14
4104.2765 8.0020707e-14
4107.0249 8.0945816e-14
4109.7733 8.0049445e-14
4112.5218 8.041106e-14
4115.2702 7.9066541e-14
4118.0186 8.0467446e-14
4120.767 8.0944102e-14
4123.5154 7.9671302e-14
4126.2638 8.213877e-14
4129.0122 8.1921483e-14
4131.7606 8.0765289e-14
4134.509 8.3870112e-14
4137.2574 8.1769796e-14
4140.0057 8.3025051e-14
4142.7541 8.2094088e-14
4145.5024 8.4339857e-14
4148.2508 8.2268787e-14
4150.9991 8.2039152e-14
4153.7475 8.118165e-14
4156.4958 8.1762505e-14
4159.2441 8.0443431e-14
4161.9924 8.1265778e-14
4164.7407 8.022781e-14
4167.489 8.0788634e-14
4170.2373 8.0510543e-14
4172.9856 8.0624099e-14
4175.7339 7.9243049e-14
4178.4821 8.0023011e-14
4181.2304 8.1243233e-14
4183.9786 8.0808468e-14
4186.7269 8.1085719e-14
4189.4751 7.7635801e-14
4192.2234 8.0297192e-14
4194.9716 8.1121484e-14
4197.7198 7.9520415e-14
4200.468 7.885252e-14
4203.2162 7.9602781e-14
4205.9644 7.8627236e-14
4208.7126 7.9321972e-14
4211.4607 7.8726217e-14
4214.2089 7.9745225e-14
4216.9571 7.6584857e-14
4219.7052 7.7374684e-14
4222.4533 7.5869663e-14
4225.2015 7.6409026e-14
4227.9496 7.6115661e-14
4230.6977 7.5872583e-14
4233.4458 7.3925708e-14
4236.1939 7.2248698e-14
4238.942 7.2256146e-14
4241.6901 7.0259289e-14
4244.4382 7.1895411e-14
4247.1862 6.8907702e-14
4249.9343 6.9766451e-14
4252.6823 6.746509e-14
4255.4303 6.7894502e-14
4258.1784 6.5774033e-14
4260.9264 6.4114052e-14
4263.6744 6.4541641e-14
4266.4224 6.3877926e-14
4269.1704 6.4170254e-14
4271.9184 6.4178473e-14
4274.6663 6.1710152e-14
4277.4143 6.1028446e-14
4280.1622 6.1815543e-14
4282.9102 6.0481127e-14
4285.6581 5.9677774e-14
4288.406 6.153365e-14
4291.1539 5.8856471e-14
4293.9018 5.8876901e-14
4296.6497 5.8163299e-14
4299.3976 5.6318424e-14
4302.1454 5.6979391e-14
4304.8933 5.6708859e-14
4307.6412 5.507681e-14
4310.389 5.4352454e-14
4313.1368 5.4266867e-14
4315.8846 5.3433962e-14
4318.6324 5.1967179e-14
4321.3802 5.0476005e-14
4324.128 5.047946e-14
4326.8758 5.0598113e-14
4329.6235 5.0955957e-14
4332.3713 4.9931352e-14
4335.119 5.0532647e-14
4337.8667 4.8568381e-14
4340.6145 4.9902861e-14
4343.3622 4.9168677e-14
4346.1099 5.0592688e-14
4348.8575 5.0441574e-14
4351.6052 4.9505945e-14
4354.3529 4.9969326e-14
4357.1005 4.9984041e-14
4359.8482 5.0962967e-14
4362.5958 5.0058146e-14
4365.3434 5.0046227e-14
4368.091 4.9325392e-14
4370.8386 4.9001405e-14
4373.5862 4.9919602e-14
4376.3337 4.9484586e-14
4379.0813 5.1013311e-14
4381.8288 5.191759e-14
4384.5763 5.1207035e-14
4387.3238 5.0830166e-14
4390.0714 5.2217104e-14
4392.8188 5.1800317e-14
4395.5663 5.1032444e-14
4398.3138 5.196456e-14
4401.0612 5.2109464e-14
4403.8087 5.3005963e-14
4406.5561 5.2015575e-14
4409.3035 5.3148986e-14
4412.0509 5.2534345e-14
4414.7983 5.2310525e-14
4417.5457 5.2802303e-14
4420.293 5.1159198e-14
4423.0404 5.2972068e-14
4425.7877 5.3171399e-14
4428.535 5.3367646e-14
4431.2824 5.3632537e-14
4434.0297 5.2677135e-14
4436.7769 5.1689488e-14
4439.5242 5.2285972e-14
4442.2715 5.148166e-14
4445.0187 5.0620844e-14
4447.7659 5.2077839e-14
4450.5131 5.1822119e-14
4453.2603 5.2226178e-14
4456.0075 5.2190887e-14
4458.7547 5.1912071e-14
4461.5019 5.2786128e-14
4464.249 5.1427134e-14
4466.9961 5.5146202e-14
4469.7432 5.5631128e-14
4472.4903 5.4949084e-14
4475.2374 5.5973513e-14
4477.9845 5.7261901e-14
4480.7316 5.7895352e-14
4483.4786 5.932034e-14
4486.2256 6.0810223e-14
4488.9726 6.1520125e-14
4491.7196 6.2011275e-14
4494.4666 6.2824928e-14
4497.2136 6.4036938e-14
4499.9606 6.7283561e-14
4502.7075 6.6441752e-14
4505.4544 6.8676889e-14
4508.2013 6.9010952e-14
4510.9482 7.0761905e-14
4513.6951 7.0239441e-14
4516.442 7.1909912e-14
4519.1888 7.0936306e-14
4521.9356 7.3541338e-14
4524.6825 7.2767096e-14
4527.4293 7.2988768e-14
4530.176 7.3289627e-14
4532.9228 7.4975623e-14
4535.6696 7.4471618e-14
4538.4163 7.489918e-14
4541.163 7.4770377e-14
4543.9097 7.6520956e-14
4546.6564 7.665371e-14
4549.4031 7.6905543e-14
4552.1498 7.7417808e-14
4554.8964 7.8281531e-14
4557.643 7.6562488e-14
4560.3896 7.8023498e-14
4563.1362 7.6097121e-14
4565.8828 7.7207175e-14
4568.6294 7.6373762e-14
4571.3759 7.6701246e-14
4574.1224 7.5503968e-14
4576.8689 7.65278e-14
4579.6154 7.6560631e-14
4582.3619 7.3905644e-14
4585.1084 7.3310512e-14
4587.8548 7.5038622e-14
4590.6012 7.5470927e-14
4593.3477 7.2875665e-14
4596.094 7.4126869e-14
4598.8404 7.6121191e-14
4601.5868 7.4579001e-14
4604.3331 7.5572747e-14
4607.0794 7.5872e-14
4609.8257 7.4234394e-14
4612.572 7.4953329e-14
4615.3183 7.6542065e-14
4618.0645 7.6171938e-14
4620.8108 7.7316442e-14
4623.557 7.8355637e-14
4626.3032 7.797477e-14
4629.0494 7.8297022e-14
4631.7955 7.8154537e-14
4634.5417 7.7148621e-14
4637.2878 7.5597148e-14
4640.0339 7.6860108e-14
4642.78 7.4617138e-14
4645.5261 7.4668983e-14
4648.2721 7.5967288e-14
4651.0181 7.2808276e-14
4653.7642 7.3560881e-14
4656.5102 7.2564757e-14
4659.2561 7.0522527e-14
4662.0021 7.0756525e-14
4664.748 7.025893e-14
4667.494 6.9108429e-14
4670.2399 6.8519077e-14
4672.9857 6.5624155e-14
4675.7316 6.480149e-14
4678.4774 6.3514616e-14
4681.2233 6.1457384e-14
4683.9691 6.125459e-14
4686.7149 5.9956746e-14
4689.4606 5.9509452e-14
4692.2064 5.8662209e-14
4694.9521 5.6945673e-14
4697.6978 5.6630014e-14
4700.4435 5.7051206e-14
4703.1892 5.7645457e-14
4705.9348 5.7755002e-14
4708.6805 5.7766292e-14
4711.4261 5.7190235e-14
4714.1717 5.6525585e-14
4716.9172 5.7641297e-14
4719.6628 5.7833648e-14
4722.4083 5.8056126e-14
4725.1538 5.7347105e-14
4727.8993 5.9037451e-14
4730.6448 5.8827753e-14
4733.3902 5.8916549e-14
4736.1357 5.839746e-14
4738.8811 5.829423e-14
4741.6265 5.795991e-14
4744.3718 5.7807505e-14
4747.1172 5.6294843e-14
4749.8625 5.567039e-14
4752.6078 5.5713016e-14
4755.3531 5.5462023e-14
4758.0984 5.3710244e-14
4760.8436 5.406655e-14
4763.5888 5.2598642e-14
4766.334 5.0454398e-14
4769.0792 5.0620918e-14
4771.8244 4.9342224e-14
4774.5695 4.864764e-14
4777.3146 4.66411e-14
4780.0597 4.8183639e-14
4782.8048 4.6397704e-14
4785.5498 4.660874e-14
4788.2948 4.7279905e-14
4791.0399 4.6672318e-14
4793.7848 4.592595e-14
4796.5298 4.7103207e-14
4799.2747 4.7777496e-14
4802.0197 4.6541313e-14
4804.7646 4.6902207e-14
4807.5094 4.7157248e-14
4810.2543 4.8301932e-14
4812.9991 4.9017377e-14
4815.7439 4.9498108e-14
4818.4887 5.0291253e-14
4821.2335 5.197673e-14
4823.9782 5.239635e-14
4826.7229 5.2244619e-14
4829.4676 5.2239141e-14
4832.2123 5.1515168e-14
4834.957 5.1562836e-14
4837.7016 5.1120929e-14
4840.4462 4.9531824e-14
4843.1908 5.0392741e-14
4845.9353 4.9165177e-14
4848.6799 4.7917081e-14
4851.4244 4.7425551e-14
4854.1689 4.620601e-14
4856.9133 4.5241016e-14
4859.6578 4.402284e-14
4862.4022 4.3506611e-14
4865.1466 4.1881019e-14
4867.891 4.0717114e-14
4870.6353 4.0041019e-14
4873.3796 3.9184059e-14
4876.1239 3.8152786e-14
4878.8682 3.8633044e-14
4881.6125 3.7219854e-14
4884.3567 3.7299543e-14
4887.1009 3.624908e-14
4889.8451 3.5740826e-14
4892.5892 3.4138077e-14
4895.3334 3.386374e-14
4898.0775 3.3668299e-14
4900.8216 3.4989782e-14
4903.5656 3.4515119e-14
4906.3097 3.4536037e-14
4909.0537 3.3883574e-14
4911.7977 3.53532e-14
4914.5416 3.5331306e-14
4917.2856 3.5643224e-14
4920.0295 3.5221094e-14
4922.7734 3.658789e-14
4925.5172 3.6837446e-14
4928.2611 3.6819201e-14
4931.0049 3.7654877e-14
4933.7487 3.7588019e-14
4936.4924 3.8595724e-14
4939.2362 3.8530678e-14
4941.9799 3.8918233e-14
4944.7236 3.8443088e-14
4947.4672 4.0133797e-14
4950.2109 3.8866622e-14
4952.9545 3.9067348e-14
4955.6981 3.9734099e-14
4958.4416 3.9648996e-14
4961.1852 4.0711842e-14
4963.9287 4.1230748e-14
4966.6722 3.9919189e-14
4969.4156 4.196375e-14
4972.1591 4.0904434e-14
4974.9025 4.1074345e-14
4977.6459 4.1542775e-14
4980.3892 4.0731182e-14
4983.1325 3.9521897e-14
4985.8758 3.8991373e-14
4988.6191 3.8330897e-14
4991.3624 3.888591e-14
4994.1056 3.8501391e-14
4996.8488 3.8676094e-14
4999.5919 3.7947689e-14
5002.3351 3.7385944e-14
5005.0782 3.7569733e-14
5007.8213 3.8085064e-14
5010.5644 3.7463522e-14
5013.3074 3.6682978e-14
5016.0504 3.686942e-14
5018.7934 3.7478826e-14
5021.5363 3.7793797e-14
5024.2793 3.6986832e-14
5027.0222 3.7150923e-14
5029.765 3.6945029e-14
5032.5079 3.8019009e-14
5035.2507 3.7890708e-14
5037.9935 3.8369122e-14
5040.7363 3.7263439e-14
5043.479 3.8674752e-14
5046.2217 3.924261e-14
5048.9644 3.8802861e-14
5051.707 3.8941283e-14
5054.4497 3.9829227e-14
5057.1923 4.1148e-14
5059.9348 3.964616e-14
5062.6774 3.9085316e-14
5065.4199 4.0269081e-14
5068.1624 4.0785592e-14
5070.9048 4.0560383e-14
5073.6473 4.0451688e-14
5076.3897 4.128833e-14
5079.132 4.1231338e-14
5081.8744 4.2480051e-14
5084.6167 4.2639273e-14
5087.359 4.2624209e-14
5090.1012 4.2673117e-14
5092.8435 4.3282181e-14
5095.5857 4.2609159e-14
5098.3278 4.4071328e-14
5101.07 4.3903388e-14
5103.8121 4.5688015e-14
5106.5542 4.4221886e-14
5109.2962 4.520647e-14
5112.0383 4.510363e-14
5114.7803 4.6160351e-14
5117.5222 4.5884544e-14
5120.2642 4.6710011e-14
5123.0061 4.6101086e-14
5125.7479 4.6760393e-14
5128.4898 4.7884294e-14
5131.2316 4.7342989e-14
5133.9734 4.7920537e-14
5136.7152 4.8083926e-14
5139.4569 4.7319106e-14
5142.1986 4.7708687e-14
5144.9403 4.7293305e-14
5147.6819 4.8168243e-14
5150.4235 4.7860533e-14
5153.1651 4.8008679e-14
5155.9067 4.7611624e-14
5158.6482 4.8153416e-14
5161.3897 4.7850497e-14
5164.1311 4.7876203e-14
5166.8726 4.7856789e-14
5169.614 4.7536234e-14
5172.3553 4.6286698e-14
5175.0967 4.6347613e-14
5177.838 4.6201195e-14
5180.5793 4.6590387e-14
5183.3205 4.6678254e-14
5186.0617 4.6953621e-14
5188.8029 4.7501509e-14
5191.5441 4.6897314e-14
5194.2852 4.7256907e-14
5197.0263 4.6247579e-14
5199.7673 4.6590122e-14
5202.5084 4.6717343e-14
5205.2494 4.6316422e-14
5207.9903 4.8487178e-14
5210.7313 4.8485335e-14
5213.4722 4.8725018e-14
5216.2131 4.8614999e-14
5218.9539 4.9135826e-14
5221.6947 4.8932822e-14
5224.4355 5.107235e-14
5227.1762 4.9661918e-14
5229.9169 5.0797762e-14
5232.6576 5.1897631e-14
5235.3983 5.2271603e-14
5238.1389 5.2074014e-14
5240.8795 5.2307598e-14
5243.62 5.2052255e-14
5246.3606 5.190397e-14
5249.101 5.2294046e-14
5251.8415 5.201632e-14
5254.5819 5.2159503e-14
5257.3223 5.1605282e-14
5260.0627 5.122837e-14
5262.803 5.0041724e-14
5265.5433 4.7492683e-14
5268.2836 4.733937e-14
5271.0238 4.7663384e-14
5273.764 4.7166437e-14
5276.5042 4.5305065e-14
5279.2443 4.5091555e-14
5281.9844 4.4673104e-14
5284.7244 4.2910191e-14
5287.4645 4.2011581e-14
5290.2045 4.0965478e-14
5292.9444 4.0911078e-14
5295.6844 3.9198472e-14
5298.4243 4.0305873e-14
5301.1641 3.9829237e-14
5303.904 4.0016879e-14
5306.6438 3.8108476e-14
5309.3835 3.8212184e-14
5312.1233 3.7940059e-14
5314.863 3.8265825e-14
5317.6026 3.6538907e-14
5320.3422 3.6893987e-14
5323.0818 3.7329552e-14
5325.8214 3.7080697e-14
5328.5609 3.7566189e-14
5331.3004 3.6752343e-14
5334.0399 3.6329724e-14
5336.7793 3.7259848e-14
5339.5187 3.7157462e-14
5342.258 3.6769511e-14
5344.9974 3.7193173e-14
5347.7366 3.7005382e-14
5354.2044 3.6818537e-14
5359.0814 3.6160894e-14
5363.9585 3.7027645e-14
5368.8356 3.7459131e-14
5373.7127 3.7508689e-14
5378.5899 3.7900713e-14
5383.4671 3.8187108e-14
5388.3443 3.7883176e-14
5393.2216 3.7830545e-14
5398.0989 3.8537722e-14
5402.9763 3.7445761e-14
5407.8537 3.8115134e-14
5412.7311 3.8380205e-14
5417.6086 3.7767098e-14
5422.486 3.7912209e-14
5427.3636 3.8384342e-14
5432.2411 3.6996177e-14
5437.1187 3.6556865e-14
5441.9963 3.6432764e-14
5446.874 3.535317e-14
5451.7517 3.5377717e-14
5456.6294 3.4142462e-14
5461.5072 3.4055712e-14
5466.385 3.3617772e-14
5471.2628 3.2579747e-14
5476.1407 3.1351491e-14
5481.0185 3.1169898e-14
5485.8965 3.0957682e-14
5490.7744 3.0288038e-14
5495.6524 3.0672659e-14
5500.5304 2.9460002e-14
5505.4085 3.1269909e-14
5510.2866 3.0378542e-14
5515.1647 3.1021867e-14
5520.0429 3.1331884e-14
5524.9211 3.2505116e-14
5529.7993 3.3608309e-14
5534.6775 3.500386e-14
5539.5558 3.626701e-14
5544.4341 3.684924e-14
5549.3125 3.8481903e-14
5554.1908 3.8922953e-14
5559.0692 4.0141647e-14
5563.9477 4.0192947e-14
5568.8261 4.1736905e-14
5573.7046 4.3140293e-14
5578.5832 4.2551713e-14
5583.4617 4.2583023e-14
5588.3403 4.3024774e-14
5593.219 4.2881812e-14
5598.0976 4.2704132e-14
5602.9763 4.218404e-14
5607.855 4.1321706e-14
5612.7338 4.1701323e-14
5617.6125 4.1778684e-14
5622.4913 4.2263583e-14
5627.3702 4.2875832e-14
5632.249 4.3259446e-14
5637.1279 4.2765216e-14
5642.0068 4.2832657e-14
5646.8858 4.3268872e-14
5651.7648 4.2522531e-14
5656.6438 4.2531923e-14
5661.5228 4.2070771e-14
5666.4019 4.1663982e-14
5671.281 4.1368388e-14
5676.1601 4.2082701e-14
5681.0393 4.1361198e-14
5685.9184 4.0416194e-14
5690.7976 4.0092451e-14
5695.6769 4.0109402e-14
5700.5561 4.0453264e-14
5705.4354 4.0176816e-14
5710.3148 3.9968507e-14
5715.1941 3.9276149e-14
5720.0735 3.9623957e-14
5724.9529 3.9472952e-14
5729.8323 3.990731e-14
5734.7118 3.9468652e-14
5739.5913 3.8631645e-14
5744.4708 3.8389712e-14
5749.3503 3.7978494e-14
5754.2299 3.7177052e-14
5759.1095 3.5979849e-14
5763.9891 3.538369e-14
5768.8687 3.4698844e-14
5773.7484 3.3246789e-14
5778.6281 3.2744803e-14
5783.5078 3.2220449e-14
5788.3876 3.1528555e-14
5793.2673 3.0618821e-14
5798.1471 2.9562646e-14
5803.027 3.025705e-14
5807.9068 2.9089304e-14
5812.7867 2.8563303e-14
5817.6666 2.8987206e-14
5822.5465 2.9370698e-14
5827.4265 2.962557e-14
5832.3065 2.9835204e-14
5837.1865 3.0301472e-14
5842.0665 3.0672889e-14
5846.9465 3.1423255e-14
5851.8266 3.1847294e-14
5856.7067 3.1834622e-14
5861.5868 3.2665775e-14
5866.467 3.3274354e-14
5871.3472 3.3972448e-14
5876.2273 3.4261846e-14
5881.1076 3.4379749e-14
5885.9878 3.4506455e-14
5890.8681 3.4570582e-14
5895.7484 3.5681375e-14
5900.6287 3.5716113e-14
5905.509 3.5578497e-14
5910.3894 3.6365256e-14
5915.2698 3.683522e-14
5920.1502 3.7455004e-14
5925.0306 3.7301434e-14
5929.9111 3.7962312e-14
5934.7915 3.7509716e-14
5939.672 3.7634965e-14
5944.5525 3.8033253e-14
5949.4331 3.8313689e-14
5954.3136 3.8690195e-14
5959.1942 3.9114013e-14
5964.0748 3.8144624e-14
5968.9555 3.8322982e-14
5973.8361 3.8586166e-14
5978.7168 3.9341445e-14
5983.5975 3.8896051e-14
5988.4782 3.8853564e-14
5993.3589 3.8829583e-14
5998.2397 3.8687793e-14
6003.1205 3.9353954e-14
6008.0013 3.9452325e-14
6012.8821 3.9259323e-14
6017.7629 3.8767776e-14
6022.6438 3.8488127e-14
6027.5247 3.8845083e-14
6032.4056 3.8924244e-14
6037.2865 3.7604268e-14
6042.1674 3.7343287e-14
6047.0484 3.7836853e-14
6051.9294 3.7039646e-14
6056.8104 3.6076065e-14
6061.6914 3.5645857e-14
6066.5724 3.5341433e-14
6071.4535 3.5707589e-14
6076.3346 3.429981e-14
6081.2156 3.3460763e-14
6086.0968 3.2592527e-14
6090.9779 3.1129128e-14
6095.859 2.9843037e-14
6100.7402 2.71833e-14
6105.6214 2.5294177e-14
6110.5026 2.4005554e-14
6115.3838 2.2081988e-14
6120.2651 2.0827954e-14
6125.1464 1.926456e-14
6130.0276 1.7581483e-14
6134.9089 1.7470602e-14
6139.7902 1.6608236e-14
6144.6716 1.5717433e-14
6149.5529 1.4594364e-14
6154.4343 1.4077048e-14
6159.3157 1.3476785e-14
6164.1971 1.3525326e-14
6169.0785 1.29643e-14
6173.9599 1.2940221e-14
6178.8414 1.3371774e-14
6183.7229 1.2942253e-14
6188.6044 1.3188411e-14
6193.4859 1.3410604e-14
6198.3674 1.5326973e-14
6203.2489 1.4759197e-14
6208.1305 1.4818357e-14
6213.012 1.6303251e-14
6217.8936 1.6712829e-14
6222.7752 1.7373125e-14
6227.6568 1.8122805e-14
6232.5385 1.9196743e-14
6237.4201 2.0601803e-14
6242.3018 2.082944e-14
6247.1835 2.1697477e-14
6252.0652 2.2394667e-14
6256.9469 2.4123644e-14
6261.8286 2.5073447e-14
6266.7103 2.5253994e-14
6271.5921 2.6076014e-14
6276.4738 2.6845818e-14
6281.3556 2.7999584e-14
6286.2374 2.8125355e-14
6291.1192 2.8879815e-14
6296.001 2.9537838e-14
6300.8829 2.9582043e-14
6305.7647 3.0812223e-14
6310.6466 3.0963381e-14
6315.5285 3.1893433e-14
6320.4104 3.1854507e-14
6325.2923 3.2363574e-14
6330.1742 3.2908839e-14
6335.0561 3.211765e-14
6339.9381 3.2856838e-14
6344.82 3.331673e-14
6349.702 3.3228117e-14
6354.584 3.3728517e-14
6359.466 3.3286267e-14
6364.348 3.3471337e-14
6369.23 3.3374836e-14
6374.112 3.3582766e-14
6378.9941 3.3084504e-14
6383.8761 3.3999262e-14
6388.7582 3.3724461e-14
6393.6403 3.334538e-14
6398.5224 3.3080018e-14
6403.4045 3.3214479e-14
6408.2866 3.2936639e-14
6413.1687 3.2881199e-14
6418.0508 3.2382036e-14
6422.933 3.2860392e-14
6427.8152 3.2448477e-14
6432.6973 3.309312e-14
6437.5795 3.1939427e-14
6442.4617 3.2398824e-14
6447.3439 3.2311031e-14
6452.2261 3.2511527e-14
6457.1083 3.204062e-14
6461.9906 3.1938997e-14
6466.8728 3.114941e-14
6471.7551 3.121867e-14
6476.6373 3.1266941e-14
6481.5196 3.0416469e-14
6486.4019 3.0623738e-14
6491.2842 3.0412017e-14
6496.1665 2.9566237e-14
6501.0488 2.9666025e-14
6505.9311 2.945679e-14
6510.8134 2.9577306e-14
6515.6958 2.9431796e-14
6520.5781 2.9003763e-14
6525.4605 2.9508619e-14
6530.3428 2.886941e-14
6535.2252 2.9122412e-14
6540.1076 2.7938826e-14
6544.99 2.8225089e-14
6549.8724 2.7433596e-14
6554.7548 2.8243871e-14
6559.6372 2.7132691e-14
6564.5196 2.7278611e-14
6569.402 2.7689361e-14
6574.2845 2.7367192e-14
6579.1669 2.7063165e-14
6584.0493 2.6912664e-14
6588.9318 2.691568e-14
6593.8143 2.615603e-14
6598.6967 2.6035365e-14
6603.5792 2.580494e-14
6608.4617 2.5096165e-14
6613.3442 2.4913423e-14
6618.2267 2.4874927e-14
6623.1092 2.4978083e-14
6627.9917 2.5010403e-14
6632.8742 2.4814872e-14
6637.7567 2.4458851e-14
6642.6393 2.3731337e-14
6647.5218 2.3980011e-14
6652.4043 2.4199521e-14
6657.2869 2.3125316e-14
6662.1694 2.3292783e-14
6667.052 2.3108289e-14
6671.9346 2.3211811e-14
6676.8171 2.2760743e-14
6681.6997 2.2274468e-14
6686.5823 2.3006401e-14
6691.4648 2.1973309e-14
6696.3474 2.268379e-14
6701.23 2.2404372e-14
6706.1126 2.2010227e-14
6710.9952 2.1650364e-14
6715.8778 2.123205e-14
6720.7604 2.1365532e-14
6725.643 2.1622212e-14
6730.5257 2.1469815e-14
6735.4083 2.1273448e-14
6740.2909 2.117562e-14
6745.1735 2.0906581e-14
6750.0561 2.0087642e-14
6754.9388 2.054203e-14
6759.8214 2.0243086e-14
6764.7041 2.0019016e-14
6769.5867 2.0076695e-14
6774.4693 2.0086273e-14
6779.352 1.945058e-14
6784.2346 1.9542903e-14
6789.1173 1.9042082e-14
6793.9999 1.8722835e-14
6798.8826 1.902691e-14
6803.7653 1.940551e-14
6808.6479 1.8590606e-14
6813.5306 1.8272813e-14
6818.4133 1.8137689e-14
6823.2959 1.8426868e-14
6828.1786 1.8283008e-14
6833.0613 1.8180112e-14
6837.9439 1.783704e-14
6842.8266 1.7614613e-14
6847.7093 1.7579557e-14
6852.5919 1.7317045e-14
6857.4746 1.8153017e-14
6862.3573 1.7541874e-14
6867.24 1.7735369e-14
6872.1227 1.7457364e-14
6877.0053 1.7694262e-14
6881.888 1.7667869e-14
6886.7707 1.730685e-14
6891.6534 1.7513562e-14
6896.536 1.7292864e-14
6901.4187 1.7256314e-14
6906.3014 1.6709781e-14
6911.1841 1.6972519e-14
6916.0668 1.7472685e-14
6920.9494 1.6849059e-14
6925.8321 1.730881e-14
6930.7148 1.6371405e-14
6935.5975 1.635798e-14
6940.4801 1.6239304e-14
6945.3628 1.6068356e-14
6950.2455 1.6467784e-14
6955.1281 1.5896696e-14
6960.0108 1.6293568e-14
6964.8935 1.6066406e-14
6969.7761 1.586565e-14
6974.6588 1.6089062e-14
6979.5415 1.5553495e-14
6984.4241 1.5745487e-14
6989.3068 1.5732687e-14
6994.1894 1.5718152e-14
6999.0721 1.6057671e-14
7003.9547 1.5667919e-14
7008.8374 1.5807617e-14
7013.72 1.563933e-14
7018.6026 1.5657973e-14
7023.4853 1.5525235e-14
7028.3679 1.5152811e-14
7033.2505 1.5151885e-14
7038.1332 1.5149279e-14
7043.0158 1.5164002e-14
7047.8984 1.469849e-14
7052.781 1.5167063e-14
7057.6636 1.4778248e-14
7062.5463 1.5098881e-14
7067.4289 1.4840043e-14
7072.3115 1.4339749e-14
7077.1941 1.4312299e-14
7082.0766 1.4796483e-14
7086.9592 1.46996e-14
7091.8418 1.4795209e-14
7096.7244 1.4765483e-14
7101.607 1.4683379e-14
7106.4895 1.467024e-14
7111.3721 1.3924296e-14
7116.2547 1.4445981e-14
7121.1372 1.4479596e-14
7126.0198 1.4720613e-14
7130.9023 1.4550493e-14
7135.7848 1.5192268e-14
7140.6674 1.4848193e-14
7145.5499 1.4734641e-14
7150.4324 1.4238275e-14
7155.3149 1.4620175e-14
7160.1974 1.4368073e-14
7165.0799 1.4815213e-14
7169.9624 1.4488748e-14
7174.8449 1.4763672e-14
7179.7274 1.453464e-14
7184.6099 1.4635115e-14
7189.4923 1.4818621e-14
7199.2572 1.425022e-14
7204.1397 1.4618572e-14
7209.0221 1.4494577e-14
7213.9045 1.4507013e-14
7218.787 1.4668974e-14
7223.6694 1.4655452e-14
7228.5518 1.4754157e-14
7233.4342 1.4519136e-14
7238.3166 1.5774085e-14
7243.199 1.4861556e-14
7248.0813 1.4249732e-14
7252.9637 1.4072029e-14
7257.8461 1.4365176e-14
7262.7284 1.3983959e-14
7267.6107 1.3906872e-14
7272.4931 1.3895422e-14
7277.3754 1.4189266e-14
7282.2577 1.4134439e-14
7287.14 1.4199154e-14
7292.0223 1.3630707e-14
7296.9046 1.3535611e-14
7301.7869 1.3798786e-14
7306.6691 1.371596e-14
7311.5514 1.324197e-14
7316.4336 1.3600415e-14
7321.3159 1.3617196e-14
7326.1981 1.3604069e-14
7331.0803 1.3345689e-14
7335.9625 1.3392955e-14
7340.8447 1.3058591e-14
7345.7269 1.3170647e-14
7350.6091 1.2979282e-14
7355.4912 1.2947659e-14
7360.3734 1.2668509e-14
7365.2555 1.2694673e-14
7370.1377 1.2415024e-14
7375.0198 1.2250678e-14
7379.9019 1.2066791e-14
7384.784 1.2183604e-14
7389.6661 1.1950725e-14
7394.5481 1.1768067e-14
7399.4302 1.2063816e-14
7404.3122 1.1801692e-14
7409.1943 1.1833751e-14
7414.0763 1.1311614e-14
7418.9583 1.1340235e-14
7423.8403 1.0957575e-14
7428.7223 1.1853313e-14
7433.6043 1.1418662e-14
7438.4862 1.1243618e-14
7443.3682 1.1311706e-14
7448.2501 1.1148132e-14
7453.132 1.1314622e-14
7458.014 1.089727e-14
7462.8958 1.0963753e-14
7467.7777 1.1058869e-14
7472.6596 1.0767045e-14
7477.5415 1.0611838e-14
7482.4233 1.0297523e-14
7487.3051 1.0182532e-14
7492.1869 1.0148232e-14
7497.0687 9.9974003e-15
7501.9505 9.7337045e-15
7506.8323 9.657397e-15
7511.714 9.4618112e-15
7516.5958 8.936688e-15
7521.4775 8.4313287e-15
7526.3592 8.2198491e-15
7531.2409 8.6321178e-15
7536.1226 8.5588114e-15
7541.0043 8.4840285e-15
7545.8859 8.1652553e-15
7550.7676 8.6378379e-15
7555.6492 8.5138119e-15
7560.5308 8.6955098e-15
7565.4124 8.4125144e-15
7570.294 8.4041067e-15
7575.1755 7.827606e-15
7580.0571 8.1336788e-15
7584.9386 8.2875144e-15
7589.8201 8.9577681e-15
7594.7016 8.8824855e-15
7599.5831 9.0100707e-15
7604.4645 8.8985758e-15
7609.346 9.1533972e-15
7614.2274 8.9020613e-15
7619.1088 8.7335297e-15
7623.9902 8.945415e-15
7628.8716 9.0616499e-15
7633.7529 9.343523e-15
7638.6343 9.4135803e-15
7643.5156 9.7002798e-15
7648.3969 9.8775002e-15
7653.2782 1.0253684e-14
7658.1594 1.0069911e-14
7663.0407 1.0127504e-14
7667.9219 9.8183663e-15
7672.8031 9.8045961e-15
7677.6843 1.0259499e-14
7682.5655 1.0192028e-14
7687.4467 1.0977112e-14
7692.3278 1.0850224e-14
7697.2089 1.069609e-14
7702.09 1.0595024e-14
7706.9711 1.0501891e-14
7711.8522 1.0698843e-14
7716.7332 1.0820671e-14
7721.6143 1.0818646e-14
7726.4953 1.1446267e-14
7731.3763 1.2004814e-14
7736.2572 1.1693514e-14
7741.1382 1.1308637e-14
7746.0191 1.1163627e-14
7750.9 1.0939503e-14
7755.7809 1.0772302e-14
7760.6618 1.1491659e-14
7765.5426 1.1583961e-14
7770.4234 1.188608e-14
7775.3042 1.2460272e-14
7780.185 1.2779889e-14
7785.0658 1.2372808e-14
7789.9465 1.2224475e-14
7794.8272 1.2057087e-14
7799.7079 1.2078526e-14
7804.5886 1.1688894e-14
7809.4693 1.1802113e-14
7814.3499 1.231523e-14
7819.2305 1.3015104e-14
7824.1111 1.361548e-14
7828.9917 1.3518791e-14
7833.8722 1.329046e-14
7838.7528 1.3821821e-14
7843.6333 1.3284911e-14
7848.5138 1.3435465e-14
7853.3942 1.3158581e-14
7858.2746 1.3238213e-14
7863.1551 1.2761496e-14
7868.0355 1.2056304e-14
7872.9158 1.2352769e-14
7877.7962 1.2540996e-14
7882.6765 1.2858237e-14
7887.5568 1.3101107e-14
7892.4371 1.3306322e-14
7897.3173 1.3900411e-14
7902.1975 1.3253926e-14
7907.0777 1.3779581e-14
7911.9579 1.3159577e-14
7916.8381 1.2980572e-14
7921.7182 1.2652558e-14
7926.5983 1.2287424e-14
7931.4784 1.2545401e-14
7936.3585 1.2564655e-14
7941.2385 1.2284326e-14
7946.1185 1.2619978e-14
7950.9985 1.3483168e-14
7955.8785 1.3254212e-14
7960.7584 1.3385083e-14
7965.6383 1.2635335e-14
7970.5182 1.2029194e-14
7975.3981 1.1575109e-14
7980.2779 1.1880209e-14
7985.1577 1.2223819e-14
7990.0375 1.2047272e-14
7994.9172 1.2552372e-14
7999.797 1.2770867e-14
8004.6767 1.2366396e-14
8009.5564 1.220919e-14
8014.436 1.1959981e-14
8019.3156 1.1695994e-14
8024.1952 1.1289489e-14
8029.0748 1.097771e-14
8033.9544 1.042176e-14
8038.8339 1.0847253e-14
8043.7134 1.1127809e-14
8048.5928 1.1462874e-14
8053.4723 1.1402363e-14
8058.3517 1.1373543e-14
8063.2311 1.1216238e-14
8068.1104 1.1239334e-14
8072.9898 1.0323423e-14
8077.8691 9.9209513e-15
8082.7483 1.0125484e-14
8087.6276 9.412707e-15
8092.5068 8.9415424e-15
8097.386 8.8731639e-15
8102.2652 9.3085567e-15
8107.1443 9.2006303e-15
8112.0234 9.0316175e-15
8116.9025 9.2326693e-15
8121.7815 9.3039886e-15
8126.6605 8.8914497e-15
8131.5395 9.0872202e-15
8136.4185 8.828184e-15
8141.2974 8.7071099e-15
8146.1763 8.3740108e-15
8151.0552 8.6831846e-15
8155.934 8.5128251e-15
8160.8129 8.3460164e-15
8165.6916 8.8164381e-15
8170.5704 8.4910013e-15
8175.4491 8.8049532e-15
8180.3278 8.3541665e-15
8185.2065 8.5229014e-15
8190.0851 7.8442722e-15
8194.9637 7.9262658e-15
8199.8423 7.9882424e-15
8204.7208 7.3807588e-15
8209.5993 7.3398031e-15
8214.4778 7.151993e-15
8219.3563 6.6394127e-15
8224.2347 7.0499484e-15
8229.1131 6.747968e-15
8233.9914 6.6206187e-15
8238.8697 6.7370294e-15
8243.748 5.8982627e-15
8248.6263 5.5403807e-15
8253.5045 5.2175252e-15
8258.3827 5.4902723e-15
8263.2609 5.2337683e-15
8268.139 5.6049839e-15
8273.0171 5.5671393e-15
8277.8952 5.6777245e-15
8282.7732 5.5537782e-15
8287.6512 5.5706464e-15
8292.5292 5.8572392e-15
8297.4071 5.8222728e-15
8302.285 5.4226312e-15
8307.1629 5.4331793e-15
8312.0407 5.8076196e-15
8316.9186 5.9889706e-15
8321.7963 5.9187232e-15
8326.6741 6.052864e-15
8331.5518 6.4037385e-15
8336.4294 6.7217532e-15
8341.3071 6.4784057e-15
8346.1847 6.652939e-15
8351.0622 6.2936636e-15
8355.9398 5.8806499e-15
8360.8173 6.0661649e-15
8365.6947 5.4163526e-15
8370.5722 6.2633491e-15
8375.4496 6.2875679e-15
8380.3269 6.6380342e-15
8385.2043 7.3540984e-15
8390.0816 6.9782462e-15
8394.9588 7.39423e-15
8399.836 7.2986728e-15
8404.7132 7.3467191e-15
8409.5904 7.4110885e-15
8414.4675 7.3114181e-15
8419.3446 7.2210939e-15
8424.2216 7.0284088e-15
8429.0986 7.7219276e-15
8433.9756 7.6236362e-15
8438.8525 8.1489889e-15
8443.7294 8.3280906e-15
8448.6063 8.5264302e-15
8453.4831 8.9999072e-15
8458.3599 8.909904e-15
8463.2367 8.8444012e-15
8468.1134 9.0968509e-15
8472.9901 9.3992222e-15
8477.8667 8.711905e-15
8482.7433 8.8383983e-15
8487.6199 9.1597787e-15
8492.4964 8.8885799e-15
8497.3729 9.66794e-15
8502.2493 1.0035432e-14
8507.1258 1.055318e-14
8512.0021 1.0067163e-14
8516.8785 1.0870505e-14
8521.7548 1.1031093e-14
8526.6311 1.0803034e-14
8531.5073 1.0615939e-14
8536.3835 1.1630136e-14
8541.2596 1.1279109e-14
8546.1357 1.1585508e-14
8551.0118 1.1308796e-14
8555.8878 1.1241667e-14
8560.7638 1.1307642e-14
8565.6398 1.0554631e-14
8570.5157 1.1077203e-14
8575.3916 1.0646998e-14
8580.2674 1.0628658e-14
8585.1432 1.0812929e-14
8590.019 1.0591172e-14
8594.8947 1.1086911e-14
8599.7704 1.1437679e-14
8604.646 1.15258e-14
8609.5216 1.1959156e-14
8614.3972 1.2132008e-14
8619.2727 1.2041065e-14
8624.1482 1.1646718e-14
8629.0236 1.1630914e-14
8633.899 1.135212e-14
8638.7744 1.0613616e-14
8643.6497 1.0916035e-14
8648.525 1.064535e-14
8653.4002 1.07837e-14
8658.2754 1.0900823e-14
8663.1506 1.1371159e-14
8668.0257 1.1315279e-14
8672.9007 1.1843624e-14
8677.7758 1.2223633e-14
8682.6508 1.1730746e-14
8687.5257 1.1720829e-14
8692.4006 1.1034262e-14
8697.2755 1.0303137e-14
8702.1503 1.0965918e-14
8707.025 1.0720669e-14
8711.8998 1.0629446e-14
8716.7745 1.0758796e-14
8721.6491 1.0727743e-14
8726.5237 1.1174647e-14
8731.3983 1.1284565e-14
8736.2728 1.1894106e-14
8741.1473 1.1748857e-14
8746.0217 1.0848439e-14
8750.8961 1.0632179e-14
8755.7704 1.0721768e-14
8760.6447 9.7031487e-15
8765.519 1.0340918e-14
8770.3932 1.0059932e-14
8775.2674 9.7670099e-15
8780.1415 1.0347745e-14
8785.0156 1.0375785e-14
8789.8896 1.0707532e-14
8794.7636 1.0670611e-14
8799.6376 1.0713574e-14
8804.5115 1.0689997e-14
8809.3853 1.0433818e-14
8814.2592 9.7779552e-15
8819.1329 9.3657568e-15
8824.0066 9.4973518e-15
8828.8803 9.6265371e-15
8833.754 9.396693e-15
8838.6276 9.8994646e-15
8843.5011 9.9064027e-15
8848.3746 8.8285084e-15
8853.248 8.457524e-15
8858.1215 9.1347972e-15
8862.9948 9.1257026e-15
8867.8681 9.0015962e-15
8872.7414 9.1269232e-15
8877.6146 8.1809491e-15
8882.4878 8.3800578e-15
8887.3609 8.1514165e-15
8892.234 8.2264797e-15
8897.107 7.4373694e-15
8901.98 7.6831233e-15
8906.853 7.6979311e-15
8911.7259 7.0543771e-15
8916.5987 7.5457015e-15
8921.4715 8.1444327e-15
8926.3443 7.6506193e-15
8931.217 7.4251213e-15
8936.0896 6.6947189e-15
8940.9622 6.257912e-15
8945.8348 6.2107429e-15
8950.7073 6.3466582e-15
8955.5798 6.4713567e-15
8960.4522 7.2372943e-15
8965.3246 6.8498305e-15
8970.1969 6.4726294e-15
8975.0692 6.3997634e-15
8979.9414 6.2853508e-15
8984.8136 6.6600761e-15
8989.6857 6.9968657e-15
8994.5578 6.9248823e-15
8999.4298 7.3899398e-15
9004.3018 7.3124896e-15
9009.1737 6.7813504e-15
9014.0456 6.7502664e-15
9018.9174 6.0857234e-15
9023.7892 6.1512515e-15
9028.6609 6.2809645e-15
9033.5326 6.8687736e-15
9038.4042 6.4484381e-15
9043.2758 6.9092863e-15
9048.1474 6.9798729e-15
9053.0188 7.7168488e-15
9057.8903 7.7823752e-15
9062.7616 7.4611736e-15
9067.633 7.216315e-15
9072.5043 7.7051817e-15
9077.3755 7.9058379e-15
9082.2467 7.5775627e-15
9087.1178 6.8435747e-15
9091.9889 6.7744704e-15
9096.8599 6.1935858e-15
9101.7309 5.9267971e-15
9106.6018 6.3912748e-15
9111.4726 6.8688955e-15
9116.3435 6.8258658e-15
9121.2142 7.4865134e-15
9126.0849 7.8338613e-15
9130.9556 7.7460231e-15
9135.8262 7.2833771e-15
9140.6968 7.0798724e-15
9145.5673 6.5374812e-15
9150.4377 5.8820251e-15
9155.3081 6.0602463e-15
9160.1785 6.0982018e-15
9165.0488 5.745289e-15
9169.919 6.3703082e-15
9174.7892 7.1245093e-15
9179.6593 7.1626766e-15
9184.5294 7.8872904e-15
9189.3994 7.9788522e-15
9194.2694 7.8676715e-15
9199.1393 7.0893176e-15
9204.0092 6.989588e-15
9208.879 6.5573001e-15
9213.7487 5.8582531e-15
9218.6184 6.233614e-15
9223.4881 6.2738862e-15
9228.3577 6.3042553e-15
9233.2272 6.8893357e-15
9238.0967 7.1382067e-15
9242.9662 7.2781958e-15
9247.8355 7.5855078e-15
9252.7048 8.4413931e-15
9257.5741 7.7691573e-15
9262.4433 8.1296647e-15
9267.3125 7.7699145e-15
9272.1816 6.2929635e-15
9277.0506 6.4385655e-15
9281.9196 5.9644587e-15
9286.7886 5.9915485e-15
9291.6574 6.6078065e-15
9296.5263 7.2961851e-15
9301.395 6.8155443e-15
9306.2637 7.2236528e-15
9311.1324 8.0144801e-15
9316.001 7.7982597e-15
9320.8695 8.695182e-15
9325.738 9.0359061e-15
9330.6064 8.2952588e-15
9335.4748 8.16472e-15
9340.3431 7.8404588e-15
9345.2114 7.5319601e-15
9350.0796 7.4022285e-15
9354.9477 5.9241552e-15
9359.8158 6.0232271e-15
9364.6838 6.2954585e-15
9369.5518 6.2692428e-15
9374.4197 6.2755193e-15
9379.2876 6.7300728e-15
9384.1554 6.0377216e-15
9389.0231 6.7256063e-15
9393.8908 7.2843546e-15
9398.7584 6.947169e-15
9403.626 7.9959724e-15
9408.4935 8.3373809e-15
9413.3609 8.6118331e-15
9418.2283 8.4571446e-15
9423.0956 7.9456747e-15
9427.9629 8.5429812e-15
9432.8301 7.9230573e-15
9437.6973 7.7037062e-15
9442.5644 7.4868454e-15
9447.4314 6.378469e-15
9452.2984 6.132566e-15
9457.1653 5.8748901e-15
9462.0322 5.5854496e-15
9466.8989 5.2968629e-15
9471.7657 5.2092179e-15
9476.6324 5.3346101e-15
9481.499 5.5063515e-15
9486.3655 5.8347869e-15
9491.232 5.7172403e-15
9496.0985 5.5441152e-15
9500.9648 6.0300182e-15
9505.8311 6.647285e-15
9510.6974 5.7500489e-15
9515.5636 6.5661211e-15
9520.4297 6.6776711e-15
9525.2958 7.7014624e-15
9530.1618 7.5898209e-15
9535.0277 7.49475e-15
9539.8936 6.5666865e-15
9544.7595 6.4094555e-15
9549.6252 6.067067e-15
9554.4909 5.4787281e-15
9559.3566 4.5592866e-15
9564.2221 4.6173706e-15
9569.0876 5.079372e-15
9573.9531 4.7724081e-15
9578.8185 4.8131991e-15
9583.6838 4.7690301e-15
9588.5491 4.834452e-15
9593.4143 5.4057977e-15
9598.2794 5.5964513e-15
9603.1445 6.1574459e-15
9608.0095 6.6285991e-15
9612.8745 6.7431014e-15
9617.7393 6.6232454e-15
9622.6042 6.154048e-15
9627.4689 6.1902705e-15
9632.3336 5.5919552e-15
9637.1983 5.709985e-15
9642.0628 4.9477257e-15
9646.9273 4.3636622e-15
9651.7918 4.4106285e-15
9656.6561 4.3018233e-15
9661.5205 4.0253725e-15
9666.3847 4.5648189e-15
9671.2489 3.7879072e-15
9676.113 4.925143e-15
9680.9771 4.5409479e-15
9685.8411 4.0572277e-15
9690.705 4.6734408e-15
9695.5688 4.646924e-15
9700.4326 4.1910627e-15
9705.2964 5.5494054e-15
9710.16 5.2549085e-15
9715.0236 6.3319796e-15
9719.8872 5.7895697e-15
9724.7506 5.3277517e-15
9729.614 5.3506732e-15
9734.4774 4.7990354e-15
9739.3406 4.3893383e-15
9744.2038 3.8305062e-15
9749.067 3.6962066e-15
9753.9301 4.0031959e-15
9758.7931 3.5512024e-15
9763.656 3.8682428e-15
9768.5189 3.9103513e-15
9773.3817 4.1973854e-15
9778.2444 4.1350683e-15
9783.1071 4.9753106e-15
9787.9697 5.0351899e-15
9792.8322 4.8739995e-15
9797.6947 5.0510709e-15
9802.5571 5.1431049e-15
9807.4194 4.7626935e-15
9812.2817 5.4232305e-15
9817.1439 4.082753e-15
9822.006 4.6031904e-15
9826.8681 3.8063242e-15
9831.7301 3.646407e-15
9836.592 3.7154334e-15
9841.4539 3.3705832e-15
9846.3157 3.585366e-15
9851.1774 3.6783121e-15
9856.039 3.8054421e-15
9860.9006 3.9680165e-15
9865.7621 4.5023498e-15
9870.6236 4.5857483e-15
9875.485 5.2769356e-15
9880.3463 5.6452234e-15
9885.2075 5.0993929e-15
9890.0687 4.2895366e-15
9894.9298 5.1632841e-15
9899.7908 2.7830464e-15
9904.6518 4.0565094e-15
9909.5127 3.1100568e-15
9914.3735 3.156639e-15
9919.2342 2.9691016e-15
9924.0949 3.9257012e-15
9928.9555 3.7700526e-15
9933.8161 3.8543696e-15
9938.6765 3.9820205e-15
9943.5369 3.8861524e-15
9948.3973 4.2569288e-15
9953.2575 5.0147264e-15
9958.1177 4.334022e-15
9962.9778 5.2498662e-15
9967.8379 4.7608414e-15
9972.6978 4.7883823e-15
9977.5577 3.4465777e-15
9982.4176 3.4211305e-15
9987.2773 3.5942674e-15
9992.137 2.9435214e-15
9996.9966 3.7318836e-15
10001.856 3.0924796e-15
