ASASSN-15ti 0.016 57361.96 57361.36 57357.81 57361.61 57363.96 57365.09 18.97 19.63 17.50 16.00 16.22 16.04
ASASSN-15so 0.007 57343.05 57343.79 57341.45 57341.61 57344.59 57347.05 16.20 16.68 14.73 13.19 13.78 13.80
ASASSN-15sf 0.027      NaN      NaN 57329.90 57330.13 57332.75 57335.11   NaN   NaN 17.21 15.43 16.06 16.08
SN2015ar 0.017 57347.96 57348.50 57346.82 57348.70 57351.25 57353.34 17.58 17.91 16.27 14.72 15.28 15.23
ASASSN-15rw 0.019 57326.47      NaN 57326.06 57325.93 57329.43 57330.51 18.36   NaN 17.00 15.15 15.66 15.51
ASASSN-15rq 0.025 57319.61 57318.71 57320.12 57321.64 57324.30 57325.25 17.25 17.23 15.90 14.71 15.47 15.47
PSNJ09100885+5003396 0.026      NaN      NaN      NaN      NaN      NaN      NaN   NaN   NaN   NaN   NaN   NaN   NaN
SN2015ak 0.010 57266.32      NaN 57265.97 57266.07 57268.07 57268.52 18.06   NaN 16.71 14.81 14.85 14.62
ASASSN-15od 0.018 57255.70      NaN 57256.20 57253.68 57257.10 57257.45 18.33   NaN 16.82 14.99 15.41 15.38
SN2015M 0.023      NaN      NaN      NaN      NaN      NaN      NaN   NaN   NaN   NaN   NaN   NaN   NaN
ASASSN-15kg 0.014      NaN      NaN 57176.93 57179.48 57181.33 57183.22   NaN   NaN 16.55 14.89 15.28 15.22
ASASSN-15hy 0.025      NaN      NaN      NaN      NaN      NaN      NaN   NaN   NaN   NaN   NaN   NaN   NaN
SN2015F 0.005 57104.31 57106.26 57103.71 57103.51 57106.26 57108.06 16.40 17.58 14.92 13.26 13.49 13.25
SN2015bp 0.004      NaN      NaN      NaN      NaN      NaN      NaN   NaN   NaN   NaN   NaN   NaN   NaN
SN2015bo 0.016      NaN      NaN 57075.66 57073.23 57075.16 57076.05   NaN   NaN 19.23 17.70 16.93 16.26
ASASSN-15ar 0.029 57043.12      NaN 57039.85 57040.05 57042.25 57042.80 20.09   NaN 18.46 16.65 16.86 16.75
iPTF14atg 0.021 56794.75 56794.84 56795.10 56796.79 56798.88 56799.00 18.13 17.98 17.42 16.59 17.22 16.85
ASASSN-14lw 0.023 57010.57 57013.02 57009.14      NaN      NaN      NaN 18.45 19.35 16.87   NaN   NaN   NaN
ASASSN-14lp 0.005 57013.62 57015.21 57011.87 57012.25 57015.81 57017.18 15.52 17.10 13.94 12.15 12.35 11.99
SN2014eg 0.019 56983.78      NaN 56987.18 56987.34 56991.39 56994.05 18.57   NaN 16.99 15.22 15.78 15.41
CSS140914 0.030      NaN      NaN 56923.14 56923.21 56925.73 56925.48   NaN   NaN 17.67 16.15 16.73 16.78
iPTF14bdn 0.016 56819.95 56821.16 56817.92 56819.15 56822.22 56823.61 17.75 18.61 16.12 14.36 14.83 14.85
PS1-14xw 0.024 56782.48 56785.55 56783.40 56782.98 56784.08 56788.64 19.08 20.14 17.45 15.76 16.12 16.05
SN2014ap 0.024 56736.23 56736.23 56738.57 56736.47 56736.42 56738.12 19.40 19.88 18.08 16.38 16.33 16.19
SN2014ai 0.023 56742.50      NaN 56737.95 56742.78 56745.73 56746.30 19.32   NaN 17.73 16.27 16.27 16.13
SN2014J 0.001 56689.18 56687.13 56688.64 56687.56 56689.96 56691.73 15.73 19.32 14.56 12.99 11.89 10.58
iPTF13ebh 0.013 56621.51 56622.95 56620.36 56620.11 56622.34 56624.51 18.42 19.39 17.06 15.41 15.36 15.26
iPTF13dge 0.016 56553.59 56558.39 56552.90 56553.29 56555.64 56558.19 18.38 19.30 16.75 15.10 15.38 15.37
LSQ13ry 0.030 56391.39      NaN 56390.70 56391.04 56394.22 56395.72 19.28   NaN 17.84 16.06 16.76 16.70
SN2013gy 0.014 56646.43 56647.76 56645.93 56645.83 56648.68 56650.86 17.86 18.69 16.36 14.62 14.88 14.92
SN2013gs 0.017 56637.84 56641.43 56637.27 56636.92 56639.14 56641.48 18.69 19.72 17.05 15.36 15.48 15.43
SN2013gh 0.009 56526.26 56525.92 56525.05 56525.91 56528.26 56529.91 17.57 18.60 16.09 14.40 14.41 14.22
SN2013fw 0.017 56600.23 56601.67 56597.93 56597.79 56600.72 56603.67 18.26 19.01 16.64 14.96 15.27 15.17
SN2013ex 0.010 56527.25 56529.04 56527.25 56527.41 56530.68 56531.84 17.64 18.29 16.04 14.39 14.87 14.77
SN2013dy 0.004 56498.32 56501.11 56497.32 56497.93 56501.31 56502.31 16.15 17.71 14.41 12.79 13.28 12.92
SN2013cs 0.009 56435.23 56440.02 56433.98 56433.88 56436.68 56439.57 17.27 18.25 15.58 14.01 13.99 13.81
SN2013cg 0.008 56419.78 56418.73 56421.93      NaN      NaN      NaN 17.76 18.58 16.16   NaN   NaN   NaN
SN2013bs 0.028 56401.48 56404.48 56398.80 56402.90 56406.43 56408.08 19.42 19.52 18.17 16.62 16.79 16.68
SN2013ag 0.021 56354.33 56354.63 56357.19 56357.22 56358.52 56358.67 18.84 19.85 17.73 15.94 16.08 16.04
SN2013aa 0.004 56340.83 56342.29 56340.16 56340.26      NaN 56344.70 14.47 15.49 12.75 11.28 11.69 11.62
SN2013Q 0.017      NaN      NaN 56332.16 56330.00 56331.15 56332.96   NaN   NaN 17.66 15.87 15.79 15.58
SN2013E 0.009 56305.94 56306.44 56306.69 56306.94 56308.71 56309.31 17.30 18.37 15.60 13.84 14.09 13.92
LSQ12gdj 0.030 56248.40 56249.08 56247.20 56249.28 56253.62 56255.70 18.02 18.43 16.33 15.01 15.94 15.96
SN2012ij 0.011      NaN      NaN      NaN      NaN      NaN      NaN   NaN   NaN   NaN   NaN   NaN   NaN
SN2012ht 0.004 56293.23 56293.62 56292.38 56292.68 56295.43 56296.52 15.86 16.26 14.31 12.88 13.12 13.15
SN2012hr 0.008 56287.44 56288.53 56286.54 56286.64 56288.79 56290.57 16.99 17.96 15.37 13.71 13.74 13.75
SN2012fr 0.005 56242.39 56245.62 56240.99 56240.89 56243.55 56244.55 14.88 15.89 13.09 11.71 12.01 11.99
SN2012dn 0.010 56126.13 56125.03 56126.58 56128.12 56132.75 56135.81 16.03 15.87 14.72 13.66 14.37 14.26
SN2012cg 0.001 56080.38 56081.20 56079.13 56079.06 56081.51 56083.16 15.13 16.44 13.34 11.67 12.19 11.99
SN2012Z 0.007 55958.06 55956.26 55961.52 55962.82 55967.39 55973.46 17.21 16.96 15.86 14.35 14.76 14.42
SN2012V 0.011 55958.99 55960.83 55958.99 55958.29 55960.83 55961.77 17.77 18.52 16.31 14.50 14.94 14.92
SN2011iv 0.006 55903.04 55903.89 55902.48      NaN      NaN      NaN 15.16 15.56 13.79   NaN 12.50 12.49
SN2011im 0.016 55901.59      NaN 55901.01 55896.71 55903.09 55905.21 18.92   NaN 17.44 15.52 15.95 15.68
SN2011ia 0.019 55889.72 55889.52 55888.74 55889.24 55891.62 55892.87 17.55 18.06 15.96 14.48 15.22 15.26
SN2011hb 0.029 55871.48      NaN 55871.48 55868.65 55871.98 55873.50 19.76   NaN 18.33 16.43 16.56 16.47
SN2011fe 0.001 55812.83 55813.86 55812.03 55823.97 55845.51 55810.83 12.54 12.98 10.98   NaN  9.99 10.00
SN2011ek 0.005 55786.67      NaN 55786.86 55786.76 55788.88 55790.48 19.49   NaN 17.91 16.09 15.49 14.67
SN2011eh 0.007 55771.42      NaN 55771.62 55771.62 55771.82 55772.73 19.31   NaN 17.96 16.38 15.51 14.78
SN2011dn 0.025 55739.40 55739.04 55738.39 55739.74 55743.66 55745.26 18.92 19.36 17.14 15.70 16.24 16.08
SN2011dm 0.005 55740.84      NaN 55740.09      NaN      NaN      NaN 19.09   NaN 17.43   NaN   NaN   NaN
SN2011de 0.029      NaN      NaN      NaN      NaN 55715.79      NaN   NaN   NaN   NaN   NaN 15.88   NaN
SN2011by 0.003 55688.45 55690.20 55687.61 55687.55 55690.95 55692.64 15.72 16.54 13.94 12.38 12.90 12.92
SN2011ao 0.011 55637.72 55640.58 55637.07 55637.77 55639.98 55641.73 17.64 18.70 15.85 14.03 14.34 14.34
SN2011aa 0.012 55606.93 55606.27 55606.84 55607.48 55611.88 55613.98 16.21 15.77 15.07 14.13 14.79 14.75
SN2011M 0.017 55589.99      NaN 55590.18 55590.49 55593.08 55593.58 19.90   NaN 18.43 16.56 16.69 16.32
SN2011B 0.005 55581.26 55582.06 55579.77 55579.94 55583.93 55585.72 15.68 16.33 14.01 12.37 12.85 12.81
SN2010ko 0.010 55545.14      NaN 55543.19 55542.54 55544.72 55546.96 19.77   NaN 17.91 15.99 15.73 15.54
SN2010kg 0.017      NaN      NaN 55541.38 55541.03 55542.73 55545.58   NaN   NaN 17.69 16.10 16.00 15.73
SN2010gp 0.024 55404.48      NaN 55403.98 55403.58 55406.23 55407.58 19.89   NaN 18.19 16.60 16.43 16.23
SN2010gn 0.036 55389.97      NaN 55387.07 55387.87 55390.92 55390.97 19.85   NaN 18.29 16.63 16.89 16.88
SN2010ev 0.009 55382.27 55387.61 55381.91 55382.01 55384.41 55385.98 18.33 19.11 16.66 15.01 14.88 14.58
SN2010cr 0.022 55311.08 55313.13 55306.21 55309.04 55311.44 55312.43 19.62 19.96 18.29 16.46 16.74 16.69
SN2010Y 0.011 55244.05 55244.30 55244.16 55244.41 55248.73 55250.38 17.37 17.65 16.08 14.62 15.06 15.02
PTF10icb 0.009 55355.83 55363.51 55358.48 55358.43 55360.80 55362.30 17.33 18.59 15.72 14.06 14.53 14.48
SN2009jb 0.030      NaN      NaN      NaN      NaN      NaN      NaN   NaN   NaN   NaN   NaN   NaN   NaN
SN2009ig 0.009 55076.92 55081.04 55076.18 55076.23 55080.27 55080.73 16.52 17.40 14.69 13.15 13.58 13.48
SN2009cz 0.021 54941.40 54936.12 54940.12 54940.69 54943.29 54945.41 19.05 20.27 17.43 15.59 15.82 15.75
SN2009an 0.009 54897.04 54901.20 54896.79 54896.29 54898.34 54899.34 17.84 18.84 16.19 14.46 14.54 14.49
SN2009Y 0.009 54874.42 54878.14 54873.86 54873.25 54876.12 54879.77 17.59 18.77 15.89 14.24 14.40 14.18
SNF20080514002 0.022 54609.81 54611.81 54609.12 54609.08 54612.02 54612.94 18.47 18.69 17.15 15.51 15.99 16.08
SN2008hv 0.013 54815.21 54817.28 54814.00 54814.02 54816.67 54817.32 17.60 18.38 15.93 14.28 14.81 14.88
SN2008hs 0.017 54809.88 54811.18 54809.38 54809.32 54812.33 54814.62 19.18 19.73 17.83 16.13 16.29 16.21
SN2008ec 0.016 54671.79      NaN 54669.56 54670.44 54673.48 54674.43 18.80   NaN 17.25 15.54 15.81 15.59
SN2008Q 0.008 54502.91 54503.09 54502.21 54502.56 54505.30 54506.55 16.38 16.76 14.70 13.25 13.79 13.72
SN2007on 0.006 54415.89 54415.95 54415.80 54416.25 54419.21 54421.38 15.54 15.78 14.19 12.78 13.09 12.97
SN2007cv 0.008 54288.25 54298.93 54288.41 54288.13 54290.41 54291.34 18.42 19.60 16.79 14.99 15.26 15.16
SN2007cq 0.025      NaN      NaN      NaN      NaN      NaN      NaN   NaN   NaN   NaN   NaN   NaN   NaN
SN2007co 0.017 54263.34      NaN 54263.84 54262.63 54264.18 54265.64 20.23   NaN 18.76 16.93 16.88 16.71
SN2007af 0.005 54174.16 54174.12 54171.54 54171.67 54174.09 54176.25 16.37 17.06 14.62 13.07 13.28 13.21
SN2007S 0.014 54142.04      NaN 54140.68 54141.03 54144.09 54145.90 19.11   NaN 17.75 15.91 15.92 15.50
SN2006mr 0.006 54048.88      NaN 54048.93      NaN      NaN      NaN 18.75   NaN 17.57   NaN 15.45 14.63
SN2006ej 0.020 53974.35 53969.00 53973.25 53971.70 53975.75 53976.85 18.74 18.43 16.93 15.46 15.93 15.82
SN2006dm 0.022 53924.80 53925.20 53926.54 53926.10 53928.54 53929.78 18.98 19.60 17.64 15.96 16.19 16.10
SN2006X 0.005 53786.80      NaN 53783.27 53784.28 53785.90 53788.41 19.35   NaN 18.25 17.01 15.36 14.07
SN2005ke 0.005 53698.67 53699.02 53697.54 53696.11 53698.09 53700.92 18.41 18.94 17.05 15.49 14.92 14.23
SN2005hk 0.013 53675.27 53678.62 53679.25      NaN      NaN 53688.18 18.22 18.50 16.89   NaN 15.92 15.74
SN2005df 0.004 53598.73 53601.30 53597.25      NaN      NaN      NaN 15.63 16.91 13.87   NaN 12.32 12.38
SN2005cf 0.006 53532.55 53534.47 53532.32 53531.72 53532.62 53535.05 16.89 18.36 15.03   NaN 13.60 13.55
SN2005am 0.008 53436.62 53441.46 53434.75      NaN      NaN      NaN 17.01 18.22 15.31   NaN 13.85 13.76